-3044.0 45.0 -2991.5 bebecristal
-212.0 435.0 -449.5 Guilherme3021
3901.0 4.0 2237.5 22
-426.0 16.0 3618.5 chispi
72.5 116.0 347.0 WILLYREX
-589.0 -19.0 144.5 Sanchez9649
73.5 18.0 -68.0 Steiling851
-257.0 24.0 3622.5 vegeta
-491.5 25.0 3882.0 Tonymatador
-2577.0 -19.0 2546.5 fluffylivo12345678
-941.5 53.0 3900.0 Jonathan
-491.5 25.0 3882.0 delfinaa
443.0 6.0 4981.5 CrimsonFenix
63.5 31.0 -44.0 Dukuy
-698.0 37.0 3440.5 Karalis673
-300.0 34.0 -69.5 GreatWhiteShark
-632.0 39.0 3544.5 masume
-286.5 47.0 76.0 michael55
48.5 31.0 149.0 polo
-3231.0 51.0 -2837.5 petirrabos
-2862.0 1.0 -3799.5 brian4714
-1000.5 0.0 229.0 nono
-1223.0 24.0 -123.5 katelyn2134
-576.0 -19.0 253.5 Bron
-3035.0 41.0 -3437.5 ney
-36.5 39.8 70.0 Manuel995
-2744.0 41.0 -3035.5 Lalah30
-761.5 51.0 3893.0 AKtk
-3094.0 40.0 -3442.5 lilagirl
-2837.5 37.0 -3028.0 princess
-2918.0 36.0 -2723.5 hellokitty
-704.0 51.0 4019.5 garcia
-625.5 49.0 245.0 juandiegopro
-25.5 2.0 -41.0 musa619
-848.0 7.0 -62.5 LOLO0585
-3684.0 11.0 1534.5 mario64
-205.5 -19.0 266.0 josh
-652.0 42.0 3439.5 Cassandra
-2909.0 41.0 -2832.5 ads-boy
-1320.5 529.0 133.0 Alicat
253.0 255.0 160.5 Kurumi
-410.0 12.0 3592.5 elektra
-3560.5 -17.0 1707.0 cash
-3068.0 41.0 -2941.5 Orlando2543
-912.0 44.0 3765.5 Stanislava
-2977.5 43.0 -3180.0 zac
-8973.0 1.0 2843.5 Jake46
152.5 16.0 -82.0 hannan
40.0 14.0 247.5 SpicyWolfy10
-841.5 -5.0 137.0 Ice21
436.0 5.0 4717.5 Feaven
-3014.0 37.0 -2902.5 valeria_cool
-3910.5 -14.0 2476.0 yael
-162.5 31.0 -86.0 phc
-753.0 34.1 297.5 lik
404.5 -17.0 3755.0 girlcool
121.0 31.0 108.5 VegettaGaymer
-3209.5 42.0 -2784.0 Joselin
112.5 -301.1 -31.0 maloro
-538.5 32.0 3804.0 miet2
-431.0 36.1 -40.5 Marcia7987
-3012.0 -13.0 2793.5 bianka
-60.0 21.0 -289.5 angelie
-807.0 47.0 4063.5 krissia
-705.0 46.0 3616.5 FabiDas
-95.0 34.0 -21.5 juanpe2005pro
530.5 15.0 5292.0 Becky
638.5 5.0 5164.0 flofy
5117.0 19.0 2074.5 Wrazhevsky
-98.5 32.0 -24.0 chow
-3913.0 -19.0 2478.5 RUBINHO
-3918.5 -13.0 2297.0 romina
-685.0 27.0 193.5 belen_thekiller
1149.5 0.0 4986.0 carolina
-424.0 17.0 3572.5 ale
-2772.5 40.0 -2783.0 jp2005pro
-3686.5 -9.0 2684.0 franky
-448.5 14.0 3604.0 sirena
-509.5 34.0 3914.0 gggg
-274.0 23.0 498.5 emily
793.0 -3.0 4686.5 roarwinds
-471.5 19.0 3542.0 Clover
-102.5 31.0 79.0 john
576.5 1.0 3759.0 gaimorboy
244.0 13.0 5102.5 aketzali
-1175.5 39.0 -91.0 Foxygamergirl
63.0 5.0 -206.5 killerjohnyXD
600.0 8.9 4798.5 carloselpro
-691.0 35.0 3530.5 flenvavo
-25.5 31.0 -40.0 kweb
-1284.0 24.0 -162.5 freddy
204.0 15.0 166.5 ANGEL
-3651.5 -18.0 2529.0 Rimo
-656.5 37.0 3425.0 NaniNeko
130.5 29.0 103.0 Nickel990
-2929.0 -102.0 -2991.5 nobody
-3022.0 37.0 -2800.5 zarf1
-2545.0 15.0 -3896.5 brasil
-3152.0 27.0 3193.5 Mangle100
-435.5 31.0 3525.0 melannieeeeeeeeeee
-1326.0 18.0 -96.5 Savage
-3117.1 30.0 2942.7 67221245191
4755.5 54.0 2446.0 rikka
-1049.0 8.0 -231.5 mcKeyla3
-745.0 56.0 3950.5 ADIMN
-754.5 39.0 3432.0 luna16
-772.0 1.0 215.5 maman
4070.0 42.0 2379.5 Dalma
-215.0 17.0 296.5 Catilda
-3032.5 57.0 -2956.0 leah9001
-2952.5 1315.0 -156.0 kaijie
-92.3 15.5 37.0 Vanish430
-3139.0 37.0 3264.5 David
-763.5 29.0 312.0 Zuzia
-356.5 -14.0 438.0 satng123
-3673.0 -10.0 2571.5 meila
-3789.0 -10.0 1715.5 bb
-3094.0 1531.0 -2447.5 Salex
-2751.5 15.0 3025.0 sarah
-214.5 12.0 529.0 Emily
-653.0 34.0 3482.5 alexia
-2914.0 77.0 3466.5 Blossom
-2941.5 40.0 -2877.0 Richardson518
-3051.5 42.1 3206.0 Lydia
508.0 -16.0 3938.5 idod
-3120.5 30.0 -3954.0 renata563
-2824.5 43.0 -3164.0 Gabriel2
3.5 52.0 -1112.0 Berenice
-99.5 32.0 -234.0 sneke
-2979.5 13.0 -2577.0 minetestruben
-38.0 -19.0 267.5 gullermocraft
-3499.5 -19.0 2560.0 Max-killer
-2815.5 3.0 2997.0 Wanderer
-3115.0 19.0 -3947.5 perro
-222.0 -19.0 1790.5 Ziegel
-555.0 40.0 3636.5 sakura
3891.5 -14.0 2292.0 sophster
-388.5 14.0 3557.0 kevin8888
159.5 78.0 57.0 artur
-2770.5 37.0 -2787.0 cheeto
985.0 -4.1 4841.5 xisco
-2915.5 43.0 -2931.0 Zaheen
-3120.0 46.0 3337.5 lovealina
-3087.0 36.0 -3339.5 xj
-3301.5 40.0 -3072.0 Xcarlett19
245.0 259.0 46.5 Joshalopagus
803.0 -4.0 4579.5 crystalgamer46
-2706.5 8.0 -3172.0 Shopy_Mel
121.5 45.0 43.0 SuperCraft
-3164.5 43.0 -2668.0 bastian
-341.5 25.0 3604.0 Daniela169
-728.5 43.0 3505.0 MasterDiego
-3581.5 -9.0 2423.0 Max_killer
-4231.5 -13.0 2413.0 Mason
-4097.5 -3.0 2449.0 jessecalovespizza
-3148.5 46.0 -2984.0 Lola123
-3595.5 -3.0 2780.0 exultantholaqhace
245.0 13.0 5102.5 Estefania
-671.5 46.0 3625.0 Crazyiluminati
-3073.0 27.9 -3671.5 ani
-2978.0 24.0 -3147.5 klizing473
3749.0 138.0 2076.5 micaela
556.0 -19.0 4068.5 elpro
-4.0 -105.0 2021.5 honzikem
-3648.0 -9.0 1770.5 Vitor
-437.0 26.9 309.5 kleyvi
-3052.0 37.0 -3168.5 soby
-727.5 51.0 3938.0 Ralph
-441.0 1071.0 -231.5 ADMIN
-3780.5 -10.0 3005.0 slenderman
-3815.0 -13.0 2517.5 Calain03
-2741.5 -19.0 2361.0 Banks
-254.5 -19.0 4000.0 Gohaly
-3164.0 25.0 -3692.5 lame
-3490.5 -18.0 2479.0 GENTLEMAN
-74.0 25.0 43.5 Xrafede
376.5 -6.0 3318.0 margie
-2979.0 37.0 -2829.5 Geneva
-702.5 26.0 245.0 Aria
-3501.0 -18.0 2613.5 Tenheef-girl2
-3605.0 -12.0 -167.5 QwertyDragon
-917.5 -3.1 131.0 Rafaela
-845.5 -9.0 487.0 kaminator
-638.0 44.0 313.5 koki
-3654.0 -18.0 1743.5 kaique
-118.1 24.5 6.9 Steve
-3097.5 41.0 -3163.0 Yuki
-239.0 45.0 41.5 PewDiePie
-2762.5 -3.0 -3829.0 Riya
-3011.5 34.0 3043.0 ProCesarxx
-3260.5 37.0 -3111.0 flash101
-799.5 46.0 3427.0 brenda12
-72.5 -18.1 221.0 LittleTehillah
151.5 187.0 90.0 Kisulya
443.5 23.0 5205.0 gameres123
-4062.0 -2.0 2376.5 Strnad459r
-371.5 45.0 81.0 Diego
79.0 -55.0 130.5 Marlene
-2698.5 5.0 -3466.0 eliliana
-199.5 -27035.0 148.0 funrose
-2788.5 43.0 -3065.0 serena
-417.0 40.0 42.5 theonlything
-716.0 -10.0 36.5 Hollie1315
-26.0 4.0 249.5 fer
4990.5 28.0 2281.0 julian_omg
-499.5 15.0 3398.0 Visteriop
134.5 -302.0 -31.0 Sonsod__
120.0 21.0 -90.5 Wilson7436
-2891.5 41.1 -2911.0 Lane3985
-870.5 8.0 -60.0 cony
-82.5 8.0 177.0 peas
121.0 31.0 108.5 jonus
-170.5 33.0 133.0 Mariana
-2820.5 38.0 -2823.0 octa
-134.5 40.0 65.0 Trucks956
-2698.0 16.0 -3372.5 wiwi
-327.5 18.0 3513.0 kiki
224.5 -2.0 3249.0 mat
1025.0 -13.0 5333.5 shino
-2577.0 -19.0 2546.5 MS90
607.5 -16.0 3848.0 beto
-1173.0 47.0 3717.5 koi
506.5 20.0 5354.0 pato
-757.0 3.0 -64.5 Erick777
-820.0 -10.0 134.5 Fer
-100.0 218.9 -382.5 erik
-349.0 43.0 96.5 Alejita
-671.5 46.0 3612.0 ProDiegoxx
570.5 2.0 5084.0 dasha123
-2862.0 1.0 -3792.5 waterwolf
-2934.5 20.0 -3997.0 AkaneAi
-31.0 5.0 -103.5 Minskey20
-5355.0 -13.0 2189.5 leonar
-2737.0 -16.0 2317.5 reah
-451.0 34.0 299.5 andress
-358.5 53.0 -35.0 hotboy
-3091.0 41.0 -3013.5 amiela
-702.0 22.0 292.5 verii998
-707.5 20.0 3331.0 AHOJK222
4746.5 50.0 2380.0 selestia
-1158.0 38.0 -102.5 kadrean
-368.0 55.0 -57.5 zperez15
532.5 27.0 5237.0 Melody
-3666.5 19.0 1542.0 Akyia
-434.0 45.1 57.5 CuteRainbowGirl
113.0 0.0 122.5 1111
-2644.5 14.9 -2851.0 cacao
-3280.5 -9.0 2765.0 Sophie
-2908.5 20.0 -3995.0 sasha
4999.5 28.0 2290.0 kelvin
816.5 12.0 5004.0 ghi
-2840.5 43.0 -3163.0 Miryan03
271.5 0.0 3364.0 Ambiii
-771.0 48.0 4039.5 supersis
-3092.0 37.0 -3085.5 fede
-3694.5 -14.0 2786.0 bartholomeu03
-2657.5 -14.0 2454.0 Jonh99
-3581.5 -9.0 2423.0 stabell299
556.0 6.0 4961.5 lilicrosing123
-488.0 33.0 302.5 parker
798.5 1.0 4983.0 164
-2555.5 -19.0 2473.0 Daniel
-2637.0 79.0 2626.5 -Aphmau
179.0 182.1 31.5 Brennen
-1224.0 32.0 3585.5 lenay
-654.5 26.9 351.0 --sid--
-626.0 36.0 295.5 verka
155.0 182.0 -9.5 laura
-265.5 36.0 -77.0 tiny
4743.0 52.0 2335.5 Pankratz421
163.0 -19.0 -280.5 Marisa
177.0 -15.0 3676.5 MILOS
518.0 21.0 5379.5 Geovanny
-441.0 30.0 -23.5 creeper
-732.5 22.0 -178.0 ggjones47123
71.5 36.1 83.0 najin
-2987.5 -13.0 2798.0 brruno
-4204.5 -9.0 2382.0 Britney123
-2970.0 30.0 -2686.5 samwearsfez
67.5 -11.0 -185.0 vgj
-408.0 31.0 -41.5 Little-Kelly
-2847.5 37.0 -2953.0 fernan19
-4394.0 13.0 2269.5 loba
-952.0 -19.1 403.5 tygrysica
-4334.5 -10.0 2316.0 Liliana
-512.5 -7.0 -137.0 spacecat
-2824.5 44.0 -3025.0 guerrix6
-803.0 53.0 3901.5 wili
347.0 -1.0 3368.5 any
7.0 1.0 1750.5 Baggins
-634.5 -23.0 3344.0 samira
-776.5 -67.0 3946.0 ariana
-4115.0 -11.1 2562.5 Holberg891
3897.0 3.0 2278.5 peacock
100.0 39.0 -85.5 Holli1315
-374.0 44.0 179.5 jaimito
-53.5 21.0 -293.0 LoLa
-2893.5 42.0 -3089.0 isabelle
-2924.0 50.0 2930.5 dounutcare19
-3033.5 25.0 -2444.0 elica2106gamerYT
24.5 6.0 -229.0 ewy
-685.0 27.0 3373.5 marcianito
484.5 -7.0 -148.0 Thalita
-984.0 54.0 3954.5 akiraa
54.5 0.1 -139.0 REDESTONE
-3166.0 37.0 -2969.5 Edwin123
108.5 -22.0 116.0 Carabello258
-431.0 17.0 3983.5 sexyluna
-869.0 56.0 3913.5 minigarft
-2831.0 48.0 -3139.5 rafael27
-414.0 41.0 -6.5 CoolCat72
-3190.5 15.0 -3729.0 bobi
4990.5 28.0 2281.0 marmom
-3462.0 -18.0 2515.5 sophia
-274.0 23.0 498.5 vlad
-975.5 58.1 3989.0 dayali5
-591.0 19.0 115.5 salvatore
-2941.5 1.0 -1590.0 ismael845
-3092.0 33.0 3229.5 MariaWinessa
-2832.5 43.0 -3144.0 Mc_Thati
121.5 30.0 119.0 Kokker
-3652.5 -13.0 2456.0 Shawn
-3075.0 27.0 3213.5 Joshua
29.0 24.0 5347.5 luna10
117.0 16.0 -274.5 suki
-3075.0 27.0 3213.5 pigie
-478.0 26.1 24.5 rox
-437.0 27.0 309.5 clan777
-780.0 54.0 3955.5 debora
-867.5 -7.1 393.0 Adolf_Hitler_2
752.0 3.0 4942.5 lundy
-117.0 34.0 28.5 ninja35
-4306.0 -19.0 2473.5 Shandy
-3166.0 37.0 -2862.5 Winborn280
-8.0 30.9 -91.5 Shrikar
166.5 182.0 32.0 Guest4361
-608.5 16.0 3374.0 flenvave
-3787.0 -10.0 1727.5 daniela
-3263.0 37.0 -3117.5 vanessa31
-4000.5 -18.0 2470.0 tolola
31.0 6.0 -197.5 4barillas
577.5 -3.0 5053.0 hucyk
4082.5 44.0 2336.0 yaretsi
4827.0 50.0 2391.5 Ayame
-2788.0 -6.0 2390.5 AmberBowShot
-307.0 45.0 86.5 joshua
1153.5 -8.0 4922.0 axel
-2836.5 25.0 -2684.0 Chloe
-624.0 49.1 3965.5 foxy789
-3596.5 -3.0 2780.0 ziori
-882.5 51.0 3844.0 XxGuest8896xX
245.0 13.0 5102.5 fuego13
35.0 304.0 363.5 Fox
-2906.0 33.0 -2813.5 Ribby
-2832.5 31.0 -2701.0 girl101
-150.5 37.0 153.0 coolboy
-2991.0 42.0 -3203.5 poloPRO6946
140.5 -279.0 -43.0 Edwin
-3080.0 35.0 3246.5 wic
552.0 5.0 5096.5 sofiazoe13
-2886.5 47.0 -3310.0 apa
-3182.5 29.0 3221.0 sam12
-486.0 20.0 3414.5 martin11
-394.0 13.0 3758.5 stevejt2
-767.0 46.0 4057.5 Goldberg
-1000.5 0.0 229.0 14
-2967.0 37.0 -3169.5 dragonXgirl
-889.0 -2.0 26.5 superhotgirld
703.0 5.0 5058.5 jazmyn_jazzy
-134.5 40.0 63.0 micah
510.5 6.0 3783.0 Daddy
-465.0 22.0 -94.5 nikki_the_cutest
-477.0 25.0 -24.5 mario
-2845.5 43.0 -3144.0 vini
-4134.0 -8.0 2608.5 Martin24
3881.5 -8.0 2301.0 killorlove
4865.5 47.0 2422.0 Luke4
-3605.5 -15.1 2494.0 Mackenzie
765.0 0.0 4988.5 kikakikin
5059.5 30.0 2247.0 MicheCross
-894.0 -2.0 -259.5 kiji
-2694.5 15.0 3059.0 hotgirl
193.0 375.0 -51.5 ssj
114.0 -1.1 108.5 11112
-978.0 254.0 3547.5 HotFunCuteAlex
-630.5 42.0 3584.0 Azul7u7
-777.0 56.0 3934.5 kano
504.0 14.9 5318.5 alison
150.5 187.0 91.0 kittycat
-3040.4 31.5 -2023.1 enca
485.5 8.0 4988.0 namer
-2917.0 36.0 -2723.5 skely
20.0 55.0 -993.5 abdulrahman
-4106.0 -24.0 2538.5 PAKY
-193.5 39.0 -40.0 Sam
-395.0 54.0 -15.5 Explorer387
-748.5 33.0 3526.0 herobrine
-3746.5 -19.0 2785.0 niki
567.0 31.0 5172.5 chicaghoul
95.5 34.9 -8.0 floppy
-3779.5 -11.0 1626.0 santy
-286.0 28.0 497.5 WOLFGEM
-2949.5 52.0 -2875.0 MariaWinessa184
-576.5 16.0 3337.0 Nikih
-3021.5 37.0 -2956.0 jasmine
-805.5 -35.0 63.0 kasss717
55.0 8.0 288.5 jazzy
-465.5 41.0 61.0 dinosaurgirl
-949.0 3.0 1705.5 Sabrina_Reis
-3787.0 -10.0 1727.5 huhy
-400.5 50.0 -30.0 doglover22
-3493.5 -18.0 2490.0 Ryan_killer
29.5 3.0 -278.0 SolDeNoche
-488.5 -4.0 229.0 tu123
143.5 34.0 -92.0 Biel_BR
507.0 -16.0 3938.5 Marco
405.5 -6.0 -147.0 Sofiazinha
816.5 12.0 5009.0 iancito
5013.0 37.0 2228.5 james24
-416.0 34.0 363.5 violet
-3063.5 34.0 3248.0 Regine834
-300.0 34.0 -69.5 GREATWHITESHARK
-579.0 33.0 404.5 kuba
-3052.5 37.0 -3175.0 Virzi
-1175.5 39.0 -90.0 neson465
-914.0 6.0 -100.5 lasaventurasdenieve
-1102.0 11.0 -230.5 Superman
-702.0 34.0 3475.5 H4CK3R
-465.0 62.0 160.5 scorpion
-272.0 24.1 -452.6 zloyded
-702.0 25.0 243.5 Zowii
-2962.0 30.0 3053.5 Klitzing870
178.0 183.0 43.5 sans
-565.5 39.0 3883.0 rosita
4839.0 50.0 2357.5 Thao_gaming
-1283.5 59.0 3836.0 Alexa1111
-4158.5 -2.0 2560.0 Leyla678
-3266.0 -9.0 2892.5 canner234
-886.5 -10.0 3626.0 Shaunna
-1278.0 28.0 -162.5 bella
-205.0 98.0 -266.5 Orelia
-346.0 19.0 3544.5 caramelita
5054.0 23.0 2014.5 anthony777
-3879.0 -18.0 2314.5 fabiana
-3111.5 17.0 -3695.0 blasterman
-3049.0 36.0 -3431.5 Pierre
-156.5 1.0 249.0 je5364737636
-3517.0 -14.0 2387.5 Brianna110
-199.0 17.0 296.5 BatRodrigodiego
-1307.0 27.0 3574.5 edgar
-579.5 25.0 3481.0 steve
-422.0 1079.0 -241.5 marcus
-4653.0 -19.0 2219.5 candy
-784.0 51.0 3856.5 catcorn
-786.5 -13.0 -41.0 midnightmodefnaf57
-219.5 552.0 847.0 Jasmine
-642.0 36.0 296.5 elo
133.0 60.0 23.5 miriam
610.5 -1.0 5112.0 lubica
-117.0 38.0 27.5 Rose3071
-431.0 -19.0 182.5 mimi
-703.5 37.0 3482.0 NicoleGamer
2.0 398.0 375.5 kartoschki
-671.5 46.0 3613.0 leydi
149.5 182.0 -19.0 Micrimax
-1112.0 15.0 1635.5 Beerholder
-3049.0 44.0 -3021.5 Denita5933
-2953.0 38.0 -3396.5 hugoelpro
-2941.5 1.0 -1589.0 jp1998pro
-4394.0 12.9 2269.5 foxi
-188.0 35.0 -133.5 Harold1792
40.5 6.0 201.0 josue
-2865.0 48.0 -3162.5 bruna
-451.0 34.0 299.5 rubi
-2811.0 37.0 -3102.5 Isaac
-893.0 52.0 3661.5 koska200
4923.5 41.0 2269.0 TomTheKiller56
12.0 28.0 5347.5 Mokiko
3904.5 4.0 2240.0 darel
-2794.0 37.0 -3137.5 micrimax
-3007.5 37.0 -2911.0 Allen
-1176.0 47.0 3693.5 hora
-421.5 1077.0 -233.0 cookies
-732.0 43.0 3474.5 elizabet
4804.0 35.0 2359.5 lexy1
-8910.5 -6.0 2877.0 666
510.5 6.0 3791.0 killor7
-415.5 41.0 -8.0 babe1126
478.5 -15.0 3928.0 felix
548.5 5.0 5108.0 lailamonse
-3084.0 41.0 -3013.5 kittycat123
-290.0 35.1 99.5 erika
-1180.5 36.0 3642.0 xenderx
-3045.0 37.0 -2800.5 Yolo777
-432.0 36.0 -40.5 Gunns
163.5 19.0 248.0 josuefernando23
-310.0 21.1 495.5 babysiyah
-1243.0 -19.0 -370.5 andrea006
303.5 -6.9 4741.0 kanauja
-3038.5 24.0 -4052.0 moond
-2898.5 37.0 -3220.0 Alucard
-3782.0 -17.0 2750.5 Cristhian03
166.0 182.0 27.5 gipynuzot
579.5 16.0 5175.0 picachu
-125.5 18.0 183.0 jsnvin
-4025.1 -17.5 2485.4 johnalex
-2577.5 -12.0 2468.0 tally
-656.0 32.0 394.5 loliko
-4063.5 -8.0 2461.0 prisses
-3643.5 -18.0 2528.0 MaguiLoves
181.0 182.0 31.5 mya
-471.0 21.0 3809.5 cuadra
-4342.5 6.0 2248.0 Margo
513.0 22.0 5176.5 Paige
-2952.0 41.0 -2807.5 Vlad
-945.5 47.0 3773.0 Juanito
-716.5 52.0 3837.0 natheir
18.0 18.0 -145.5 hansome
-632.0 39.0 3544.5 Monica10
-3162.5 31.0 3077.0 Davy_Jones
-291.5 -19.0 3870.0 Ale4305
-553.0 23.1 -0.5 beauty
-2628.0 65.0 2633.5 blubberig
435.0 5.0 4717.5 Heaven
-2972.5 20.0 -2580.0 Steven
-2775.5 37.0 -3113.0 TONY
-3022.5 42.0 -3456.0 Alex10
-434.0 19.0 3752.5 Kattt
22.0 6.0 -240.5 venera
525.0 -19.0 3952.5 Dulce
-2993.0 36.9 -3168.5 Christian7532
-245.5 38.0 -124.0 playpogi123
-3031.5 45.0 -3283.0 SANDRA
-3662.0 -15.0 2771.5 jossiel
-2680.0 31.0 -2774.5 natsukisel
-1036.5 53.0 3923.0 moises
-3106.0 43.0 -3045.5 lucy
4768.5 42.0 2443.0 13
-1212.0 32.0 3581.5 ayato
-4085.0 2.1 2451.5 ava12
1158.0 6.0 4766.5 Rayan
71.5 36.1 83.0 amara
-60.0 21.0 -289.5 sweetheart
1025.0 -13.0 5333.5 fernan15
-2841.5 48.0 -3091.0 Niky
-3538.0 27.0 1345.5 Zed
-3741.0 -10.0 1687.5 biel
-858.5 -16.0 -398.0 LAURA
-2854.5 37.0 -3044.0 esplok
-3191.0 41.0 -2855.5 alexa
-1143.0 7.0 -244.5 Garroth-
-3262.5 -10.0 2887.0 canner1234
-731.5 50.0 3930.0 Agosyvio
-2985.5 43.0 -2857.0 Roxie
-916.0 6.0 -100.5 XxemmanuelxX
-1083.5 48.0 3736.0 MariaCool
-3112.5 45.0 -2893.0 fani
-2556.0 -16.0 2317.5 FRESITA
-3035.5 50.0 -3047.0 Fatima
-437.5 32.0 22.0 RosieRose
-2842.0 42.0 -3056.5 Caroline
610.5 -1.0 5107.0 Arumi
-2744.0 41.0 -3035.5 Gabriel
-36.0 37.0 -47.5 killar
-446.0 25.0 336.5 alicia
-283.5 38.0 -76.0 popigames
-340.0 19.0 318.5 miguelito123
-4225.5 -1.0 2584.0 candi
-25.5 2.0 -41.0 Katya
-1005.0 216.0 3573.5 sabrina123
-141.5 30.0 39.0 prossronger
4924.0 50.0 2386.5 oroch
-3185.5 -14.0 -3496.0 Serpe
-100.0 -5.1 467.5 Emma19
743.0 2.0 4949.5 mirugamer14
786.5 -8.1 4644.0 mike
-3101.5 41.0 -3165.0 Firza
-130.0 35.0 -75.5 Dava
-588.0 41.0 189.5 fernanXD
-3711.0 2.0 1601.5 Einstein
-3274.0 39.0 -2859.5 Miner
-3663.0 -13.0 2654.5 Stphane
-7.1 39.0 60.2 Badruddin630
-3195.5 37.0 -3059.0 princcesa
-2653.5 -8.0 2414.0 gbearo7
-3346.0 -3.0 -2991.5 0
5030.5 38.0 1938.0 rrositaa
-74.1 28.5 38.3 chuchu47
-586.5 42.0 3826.0 ian
-831.0 51.0 3915.5 Emilydemeritte
-3982.0 -18.0 2468.5 Santiago
5010.0 46.0 2322.5 Justin_778
197.0 182.0 -50.5 camila
-407.0 42.0 144.5 gus333
-2638.0 26.0 -2781.5 Melyna_9054
-3020.0 22.0 -2625.5 isma1998pro
-718.0 31.0 302.5 niezgodna
-2785.0 16.0 -3409.5 luna12
-3296.5 5.0 2947.0 Serravalli615
-820.0 -10.0 134.5 lasaventuradenieve
-416.0 34.0 -83.5 harley24
-3102.5 41.0 -3060.0 alice
-3084.5 39.1 -3489.0 miguel
-929.0 9.0 -1.5 Nikz
-3199.0 -1.0 2903.5 sharkey
-797.5 54.0 4060.0 albany
111.5 0.0 125.0 fahd1
-2724.5 -19.0 2428.0 isma
-866.5 9.0 50.0 Layedie
-2682.0 35.0 -3013.5 RAFAGIO
-2697.5 -8.0 2502.0 fernan123
-3068.0 41.0 -2941.5 Katherine1600
-553.0 23.0 -1.5 Catty
-3673.0 -10.0 2571.5 meil
-762.5 47.0 4049.0 brianchen
-3770.0 -14.0 1736.5 maria
-3113.0 46.0 3289.5 Valery494
-3092.5 27.0 -3685.0 undertale
-3676.0 20.0 1430.5 ChloeGamer18
-138.0 31.0 -50.5 SerVesta
-920.5 9.0 0.0 Cute_girl
-522.5 37.0 314.0 nataya
-893.0 52.0 3661.5 anna
-3730.5 -18.0 2745.0 sara
51.5 40.0 -50.0 kisa
-786.5 10.0 299.0 konik
-513.5 50.0 130.0 Eliana
-174.5 31.0 -24.0 KatiePlayz
-3522.0 -19.1 2556.5 Rose
-3667.0 43.0 1507.5 prissy
-296.0 32.0 291.5 desperado
18.0 22.0 -146.5 davejelar
-192.5 31.0 97.0 Angel_of_Light
-679.5 -7975.0 -153.0 luz
-4073.5 -11.0 2378.0 supjk
-1212.0 32.0 3581.5 mar
742.0 22.0 5121.5 chicogamerguapo
-2968.0 37.0 -2800.5 shadowwolfgirl
-579.5 15.0 612.0 bintang
-410.0 31.0 -41.5 loola
-250.5 19.0 487.0 trinity
-766.5 47.1 3456.0 lol
-843.5 10.0 -100.0 NIKKI
-2863.0 30.0 -2401.5 Fangwing
-503.0 17.0 3418.5 anni
-2991.0 35.0 -2749.5 collwolf
-435.5 31.0 3524.0 melannieeeeee
-371.0 46.0 -6.5 angarius
-6639.5 -4701.0 5576.0 Luz
712.0 1.0 5023.5 Luna2272
19.5 9.0 1774.0 stoneminer
-760.5 57.0 3808.0 cristal
-702.0 53.0 3831.5 FGH
-3647.0 -19.0 1746.5 Alinett_Brook
-3015.0 41.9 -2902.5 michael19
-804.0 53.0 3901.5 Antoniaashelypinder
-697.0 37.0 3441.5 mangle
-3682.5 -5.0 1638.0 lyndon
-3043.0 13.0 -2075.5 KasumeSanori
-976.0 -8.0 140.5 Karime
-4336.0 -18.0 2583.5 milli788
43.0 52.0 -981.5 qazplm
-4144.5 -4.0 2486.0 Hilla
-3769.5 -12.0 2250.0 ivan7777
-3010.0 21.0 -2625.5 rafa45
-3882.0 181.0 1370.5 Mark
-3293.5 -19.0 2750.0 coolgirl
-802.5 -17.0 -443.0 HeloCraft323
-4213.5 -13.0 2469.0 jdkx
-117.0 34.0 28.5 baragon
-130.5 1.0 277.0 Notley912
-3265.0 -9.0 2892.5 miya
53.0 8.0 274.5 CookieGam3rYT
-555.5 44.0 3958.0 walaby
-763.5 28.9 311.0 bomber06
-2949.5 57.0 -2880.0 king
-2947.0 35.0 2970.5 dofflala
-3429.0 0.0 1534.5 shhhhhhh
5057.5 23.0 1993.0 sebastian1
185.5 176.0 -155.0 Timati
-3570.0 -2.0 2416.5 Lover-chan
-500.0 31.1 3763.5 0000
-1260.5 32.0 3664.0 tencraft
181.0 182.0 31.5 miku
-2857.0 475.0 -4369.5 Clieford
-75.5 31.0 54.0 XX_FRODO_XX
-411.0 40.0 42.5 Davejelar
-336.5 21.0 3556.0 German
-3170.0 36.0 -2986.5 Tae33
-3085.0 36.9 -3195.5 viren
-3076.0 27.0 3213.5 hola
-958.5 -13.0 -318.0 717
-75.5 31.0 54.0 DETECTOR
-937.0 37.0 3273.5 Lynne
803.0 -4.0 4579.5 velery494
-3051.5 35.9 3212.0 Stander483
-3747.0 -10.0 2469.5 Ally1234
-3771.5 -11.0 1623.0 miri12
-78.5 7.0 174.0 TinyBerry
-288.5 24.0 3627.0 JonaGamer
-98.5 37.0 50.0 elena
-2932.5 36.0 -2723.0 shadow_wolf
-336.0 43.0 93.5 Joseph
-8660.0 -5.0 2770.5 juana
-2753.5 16.0 -3170.0 patrycja123
-3497.5 -18.0 2487.0 5a70
-374.0 44.0 179.5 tecnocraf
-3130.0 37.0 -3010.5 Snowy1234
57.0 35.9 23.5 Vian
-3619.0 -19.0 2411.5 Jenna
-2727.5 24.0 -2727.0 oso
539.5 16.0 5289.0 Antraxito
-25.5 2.1 -41.0 Asdrubale
-3222.0 37.0 -3034.5 Kitty_Girl
-642.0 36.0 296.5 Lassen911
-3820.0 -20.0 2245.5 yanet
-702.0 19.0 -231.5 M
-990.0 56.0 3921.5 arancha0
-2956.0 23.0 -3893.5 KatySandy
-3130.0 51.0 -2913.5 tecnolinda
680.5 14.0 5178.0 oliver
1109.5 -1.0 5015.0 rosaura
-2809.5 46.0 -3095.0 Maria_gamer
-905.5 52.0 3631.0 franchezca
-3216.5 4.0 2920.0 aprilynne
-193.5 39.0 -41.0 Lover_zoe
-2551.0 15.0 -3896.5 santos
-708.5 51.0 3846.0 maikel
-3043.0 31.0 3253.5 Wrazh
-525.0 26.0 -264.5 shaw
-3551.0 10.0 1539.5 Gieser734
426.5 -15.0 -139.0 Mangle_fnafhs
-688.0 22.0 3008.5 eric
-2739.0 -15.9 2317.5 jeilui
-580.5 20.0 69.0 kenobi
-3079.5 27.1 -2062.0 Yumico_5804
-765.5 -1.0 141.0 LayediE
-2983.0 37.0 -2801.5 sofi
-23.0 -19.0 298.5 Wasserteufel
-3030.0 40.1 -3144.5 babyleah
-3118.0 30.0 3204.5 nay
-3449.0 515.0 -3209.5 MaguiLove
-2832.5 2.0 2933.0 popularmoss
-989.5 227.0 3564.0 zafran
-2993.0 37.0 -3168.5 panda_man80
360.0 11.0 3180.5 JuderaEsReal
-4066.5 3.0 2489.0 men
-2721.0 -228.0 -3278.5 Br_TrollH
-3018.5 36.0 -3493.0 kichosYT
-3091.5 -13.0 -29.0 botumin
-1026.0 -18.1 506.5 UltimateNoob
-3154.5 30.0 3196.0 girl
237.3 22.5 5033.4 Erich
-1137.0 30.0 3601.5 nightmoon16
-2742.0 29.0 -3067.5 RAF
671.5 8.1 5009.0 uskk
-2507.0 5.0 -3523.5 Santino365
-3011.5 34.0 3043.0 Zoom101
-4180.0 -16.0 2280.5 atharv
-3035.5 41.0 -3125.0 party2
139.0 30.0 -89.5 inggo
-3051.5 36.0 3212.0 Foxycutiegirlpie
506.0 12.0 5282.5 Dostin
-813.5 4.9 -83.0 braulio
-331.5 33.1 3596.0 akiraa2
840.0 20.0 5070.5 yazmin
-4115.0 -5.0 2464.5 hoola
-2718.0 9.0 -3249.5 kevin
1192.0 3.9 4921.5 bauti
97.0 28.0 -336.5 fgh
-88.5 14.0 110.0 toto
-223.5 -18.0 344.0 elizabeth
4771.5 44.0 2337.0 12
-2984.9 36.5 -2800.9 Destroyer
181.0 182.0 31.5 brennen
-2988.5 32.0 -2953.0 Diana
-829.5 55.0 3849.0 Minecraft12
-953.0 -19.0 403.5 polski077
149.0 183.0 10.5 deathandchocolates
-797.5 50.0 4063.0 diegoyael
22.0 5.0 -309.5 playfull
-876.5 -71.0 3970.0 santyproyt
-385.0 33.0 211.5 vale
171.0 -39.0 364.5 SatanForce
172.0 182.0 30.5 hdudid
186.5 169.9 127.0 Superchemistgamer
-3159.0 44.0 -2759.5 LilyanaSaira
154.0 62.0 -96.5 Mayville19
858.5 -7.0 4756.0 deyker
-3105.5 1507.0 -2485.0 Ave
-630.0 38.0 338.5 DanTDM
-1163.5 42.0 3688.0 flenave
-3023.0 44.0 -3109.5 oliv
-616.0 37.0 3632.5 murat
-246.5 62.0 22.0 yik
1168.0 5.0 4721.5 queta
-441.0 30.0 -23.5 Jarrod
-691.0 35.0 3530.5 amylou
-512.5 -7.0 -137.0 goku
-2865.0 43.0 -3162.5 alonso
-632.0 39.0 3544.5 Carmen10
-1037.0 56.0 3744.5 Zeus
-5.5 19.0 -317.0 HarleyQuinn
-809.0 54.0 3961.5 Carmen
443.5 23.0 5204.0 angelica
-1128.0 10.0 -239.5 thatcherjoe
-2644.5 20.0 -2852.0 ERICKA
-142.0 -13.0 -194.5 lysannedebeer
798.0 1.0 4980.5 yusak
-810.0 -36.0 3830.5 flayer14
610.5 -1.0 5112.0 rin
-2605.0 26.1 -2790.5 linda100
-2584.5 -13.0 2516.0 galixygamer_67
-782.5 57.0 3824.0 liiliplay
-998.5 -6.0 203.0 Pierresan
-2624.5 39.0 -2991.0 Heitor_Br_Troll
376.5 -6.0 3320.0 michelle
474.5 9.0 5332.0 alexis
-1277.5 13.0 -197.0 christos
-3063.5 35.0 3196.0 batgirl
-3136.5 37.0 -2963.0 kathrine1600
-371.0 46.0 -6.5 megatronvsprime
-3049.0 44.0 -3021.5 bonny1
-1188.5 40.0 -61.0 jt
-3745.0 7.0 3070.5 BlackMonster
-99.5 32.0 -234.0 AngryGirl
-1211.5 -14.0 -362.0 hot_girl_gaming
-980.5 5.0 -77.0 dVenken
1008.0 10.0 5099.5 Nunusi123
-1054.5 44.0 4044.0 juanse
-766.0 53.0 3848.5 jhongamer12
-359.0 -19.0 3913.5 andressss
-3504.5 -19.0 2603.0 MARIA
-3643.0 11.0 1516.5 Mototank
-2486.0 43.0 -3064.5 Voltage
-537.5 45.0 211.0 osana-chan
-407.5 -19.0 525.0 Andrea
-649.5 44.0 3557.0 Tony30
-2601.5 -2.0 -3467.0 alex
-2964.0 43.0 -2941.5 maybe2
-3087.0 37.0 -3146.5 clas
-3021.5 37.0 -2955.0 rainity
-576.5 16.0 3338.0 Deian
-111.5 49.0 -1121.0 danTDM
-3818.5 -14.0 2370.0 veronica
-3096.5 24.0 -4042.0 Tenhaeff
-560.0 37.0 3380.5 laurita321
-3104.5 25.0 -4003.0 bob
-621.0 39.0 359.5 Player6034
-1175.0 1.0 1660.5 Wineholder
-317.5 44.0 -19.0 ZaimZ
-339.0 29.0 220.5 DiabloCraft
650.5 8.9 5012.0 dreamy101
-812.5 8.0 221.0 Gabi
-634.5 30.0 393.0 snejk
-2974.0 41.0 -2885.5 cool-lava
-751.0 45.0 3426.5 deborita
-3200.0 -1.0 2903.5 SharkGirl
513.5 -2.0 5057.0 argenis
-3914.5 -19.0 2443.0 xxdanielaxx
-3179.0 41.0 -3035.5 MAN__COMPSOP___CAP
-791.0 43.0 3509.5 Rosie
4757.0 51.0 2441.5 jelly
-3802.5 -19.0 2329.0 rob
4389.0 36.0 2195.5 Bex
73.0 7.0 173.5 asdfghjkl
-3723.0 -18.0 2611.5 Cardena835
-664.0 48.0 4031.5 FarhanKIRITo
-558.0 30.0 519.5 chapii12
-441.0 30.0 -23.5 Cristix
-2942.0 27.0 -4044.5 Reyna
-913.5 48.0 3767.0 nessi777
-2980.5 31.0 -4043.0 LindaTaian
5088.0 30.0 2121.5 macadamia
367.5 -1.0 4822.0 laurenstar
-95.0 31.1 -43.5 Reshuffle
-4120.5 5.0 2066.0 chavez
-538.0 45.0 204.5 pippi-osu
83.5 2.0 177.0 aleyna
-2766.5 37.0 -3167.0 isaac
5059.0 22.0 2055.5 RAFINHA
-3192.0 43.0 -2987.5 kaxime
-3026.0 11.0 -4076.5 kwebbelkop
-836.0 -10.0 -409.5 Nike
-421.0 38.0 56.5 Valley
-3242.0 0.0 2922.5 supercute
-3101.0 37.0 -2980.5 CindyL
-2983.0 37.0 -2801.5 mateo
62.5 -3987.0 101.0 HHHenzo
7.5 31.0 -120.0 efe
166.5 183.0 -31.0 novyvuzizy
89.5 325.0 3129.0 Eljas
35.5 9.0 -322.0 TheShikT
71.5 36.0 83.0 Ella
193.5 182.0 12.0 nia
-2790.0 41.0 -2909.5 MinO3565
-3039.0 37.0 -2986.5 beastie
-1014.5 49.1 3702.0 nestor
-1227.0 32.0 3596.5 natalia
-4684.5 -15.0 2273.0 Liz
-3202.0 0.0 2935.5 23
-257.0 24.0 3622.5 guapa
-3267.5 37.0 -3111.0 Nikki456
-2948.0 42.0 -2877.5 LaserJet
-916.0 8.0 13.5 Sam13
-3044.0 31.0 3253.5 Zarifa3865
-2680.0 31.0 -2774.5 tizi
-3.0 -4.0 148.5 fghctyctc5t
-422.5 1077.0 -244.0 zking
678.0 2.0 4952.5 mateoo
-4217.5 -1.0 2578.0 Tenhaeff790
570.5 1.9 5085.0 dasha12
-8651.5 2.0 2868.0 juan
-25.5 2.0 -41.0 Martin4731
-544.5 38.0 3937.0 ggggg
239.5 13.0 104.0 Disturbed
24.5 6.0 -231.0 fialka
-3164.5 43.0 -2664.0 karina
-3214.5 69.0 -2975.0 santiago
-3522.5 -10.0 2410.0 ingenthron
-797.5 54.0 4061.0 chicagamerguapa
-3090.0 33.0 3229.5 DerpyHooves
-104.5 21.5 -52.5 Lillian6808
-60.0 21.1 -289.5 Guest
-3061.5 -3773.0 -4838.0 Purple_Sun
-3663.0 4.0 2821.5 alejandro777
-2698.5 4.0 -3862.0 julie
-2589.5 -42.0 2521.0 Stormtopham
-3546.5 -19.0 2605.0 Jonatan
-56.0 31.0 -98.5 10101010
506.5 20.0 5354.0 mono
-580.5 24.0 64.0 can
-777.5 10.0 299.0 jagodka
750.5 4.0 5002.0 laura6
-3725.0 -20.0 2466.5 Herobrine
-946.0 2.0 18.5 vivi
-3191.5 40.9 -2859.0 fernando
73.5 18.0 -68.0 7m8
-2980.0 45.0 -2935.5 Cesar
155.0 182.0 -29.5 julixabel
-562.0 34.0 3638.5 Helena85_Br
-103.0 32.0 95.5 Ioyal
-117.0 34.0 32.5 kimsour
-3616.0 -8.0 2528.5 LM901
5030.5 38.0 1938.0 luciaq
-3053.0 37.0 -2754.5 rogeli
-3566.5 -14.1 2736.0 iKingJunior
-465.5 17.0 3755.0 LoveGamer
-133.5 47.0 -1122.0 Dagger06
-2776.0 -2.0 2921.5 daniel
-491.5 25.0 3882.0 ZAVALARA
-5355.0 -13.0 2189.5 anyi
-4015.5 -15.0 2486.0 Alec_dude_gaming
350.0 11.0 3183.5 liliplayer
-1101.0 42.0 3713.5 Widowmaker
-24.1 30.5 -42.2 Tamra3058
-265.5 -4.0 -185.0 y_
-377.5 14.0 3646.0 sayda
-3808.0 -13.0 2308.5 Centurion
-2941.5 1.0 -1589.0 Rafa45
-3020.0 22.0 -2625.5 petirrabos2
43.0 -15.9 287.5 Marcos4
-3683.0 -14.0 2518.5 ABRIL
-684.0 -19.0 121.5 Vassen375
-413.5 45.0 -6.0 Zell
-3084.0 32.0 3249.5 nocturne
314.0 1.0 4758.5 QueenSavage
-1158.5 46.0 3662.0 ethan
512.5 19.0 5280.0 xtorx
-3408.0 -24.0 -3132.5 miel
-2927.0 42.0 -3325.5 londoo
-2990.5 21.0 -2542.0 89010
-2990.0 24.0 -3146.5 Jay7532
-3737.0 -19.0 2749.5 juanda
-3819.5 -17.0 2408.0 stivione
-3505.5 -18.0 2517.0 Jake363
-3569.0 -9.0 2416.5 Rosabelle
-408.0 31.0 -41.5 hologirl15
47.0 8.0 205.5 jesus
-3287.5 27.0 -2989.0 bestie
-783.0 58.0 3995.5 botache
-2976.5 27.0 -4041.0 alan
-2638.0 26.0 -2781.5 NITSUKI
-3017.0 21.0 -2577.5 Karole7952
-2936.5 28.0 -2749.0 jiki
-557.5 26.0 3378.0 clara
-776.5 -67.0 3946.0 santino
531.5 22.0 5170.0 carlos
-435.5 31.1 3522.0 mari
-130.5 2.0 384.0 rodol
3.0 4.0 -275.5 adow
-2865.0 48.0 -3162.5 emanuelly
-3666.5 19.0 1541.0 SKULL
-2705.5 0.0 -3779.0 ebetedel
205.0 -114.0 -237.5 Olivier
-4293.0 -10.0 2264.5 lobo12
-695.5 -29.0 802.0 tobiasemilianoperez
-454.5 26.9 87.0 Chocolatepuppy01
-273.5 -4.0 -190.0 ololo
-375.0 21.0 312.5 melodia
-2425.5 3.0 -3503.0 Viglante387
-26.5 -14.0 281.0 ari
-261.5 -29.0 1693.0 Fixer
91.0 81.0 102.5 asia16
-3796.0 4.0 1667.5 Dianinha
-608.0 -18.0 3891.5 Savannah
5000.0 100.0 2366.5 raven
-1326.0 17.0 -96.5 Skaya
-2723.0 9.0 -3238.5 sophia8907
-2944.5 28.9 -2659.0 Alejandra
-417.0 -19.0 208.5 01639873751
-2847.5 43.1 -3165.0 Aninha05
-2710.5 38.0 -2974.0 pro
-2953.0 36.0 -3396.5 starfire
-4236.5 -10.0 2416.0 Mary
-2914.0 41.0 -2832.5 Audrey
-614.0 38.0 4213.5 00
-395.0 50.0 -47.5 Rebecca
-2791.5 -12.0 2342.0 Anastasia12
4874.0 45.0 2287.5 dany
-3716.5 13.5 1389.0 HackerJacker
-441.5 13.0 3635.0 tomeu
-4293.0 -10.1 2264.5 Twenty
67.5 20.0 -38.0 Opunui619
-2824.5 43.0 -3164.0 isabelle2
755.0 -9.0 4615.5 Marcosago03
-321.0 30.0 134.5 penguin
97.0 27.9 -336.5 Jelisea
-3112.5 45.0 -2894.0 nicole15
-441.0 1071.0 -231.5 PurpleOne
-428.5 469.0 561.0 Goku0
-1258.5 26.0 -160.0 vane
-920.0 -7.0 -273.5 Michi
-3063.5 42.0 -2823.0 Rohan
-78.5 11.0 174.0 PLASMAPEA
-2837.5 37.0 -3028.0 prensess
4771.5 44.0 2337.0 34
166.0 12.0 206.5 hero8
-776.5 -67.0 3946.0 itzetery
-977.5 -6.0 1.0 snake
-3139.0 37.0 3264.5 5d70
-407.5 -19.0 525.0 kurniawan
176.5 10.0 143.0 cody179
-3972.5 -18.1 1507.0 boss101
-3680.5 -18.0 2638.0 xX_Panda_Girl_Xx
-1268.0 34.0 3550.5 rubisienta
-2750.0 -4833.0 -4209.5 zings
-976.5 234.0 3573.0 qamarina
-4247.5 -33.0 2339.0 Alpha29
-2949.5 46.0 -2880.0 lunarxx1
-3819.0 -20.0 2245.5 tinenqa
1201.5 -12.0 5260.0 Carlos
-775.0 55.0 3964.5 mel_WL
-2855.0 37.0 -3041.5 fionn008
-3260.5 37.0 -3111.0 teeewee
-3120.5 30.0 -3954.0 coni123
-2582.0 -14.0 2305.5 Yasmin1213
-2919.0 42.0 2930.5 jeviny
-565.5 39.0 3880.0 Monica
4990.5 27.9 2285.0 wina1234
-28.5 -2.1 -255.0 shodow
-679.5 -7975.0 -153.0 cutegirl
-2734.0 -13.0 -3337.5 Abrl289
-3215.5 54.0 -2976.0 sakura93
-4213.5 -13.0 2469.0 Lamberton911
-2815.5 3.0 2997.0 Armacost626
-3523.0 -19.0 2556.5 Nathaniel
-3020.5 46.0 -4069.0 Lilly
-734.5 54.0 3856.0 ir
-461.0 5.0 266.5 andrea
-3649.0 -13.0 2642.5 Rafalski682
-2977.5 30.0 2923.0 hase
-3017.5 -24.1 2811.0 anjo
5034.0 25.0 2174.5 aka_anonymous
-426.5 16.0 3618.0 leonardo
4082.5 44.0 2335.0 Girls234
-2941.5 1.0 -1590.0 RafaCoC
-2985.5 43.0 -2863.0 BabyMichi
-51.5 31.0 18.0 ManElevation
-915.5 -10.0 139.0 mcrafael
-885.8 -10.1 3617.8 crystalgamer
-307.5 35.0 110.0 Franko
-2936.5 41.0 -2911.0 RYAN
813.5 -4.0 4952.0 Davinia
-1325.5 531.0 131.0 dragon2245
-3636.5 0.0 1664.0 andrei
133.0 60.0 23.5 cele
-18.5 31.0 79.0 843jdc
49.0 21.0 -323.5 stonemakelight
-3562.0 9.0 1526.5 Trump
-784.5 10.1 387.0 polski123
-3000.0 1567.0 -328.5 DavidGlue
-703.5 33.0 3482.0 ghelobis1
-3184.0 -4.0 2832.5 katnis
-4336.0 -18.0 2583.5 Master_Adnan
-729.5 57.0 3789.0 Leonard
-207.0 493.0 -194.5 Camilla603
-103.5 31.0 -39.0 dawid
1225.0 1.0 5008.5 jorge
-8682.0 -5.0 2770.5 zyrel
121.5 45.0 43.0 gui-baiao
703.5 22.0 4949.0 josemedrano
-1156.5 43.0 3720.0 puresteel
-3316.5 -18.0 1955.0 sundee
-791.5 45.0 3821.0 Ines_loveayk
-185.0 31.0 -206.5 vanek2
-3015.0 37.0 -3168.5 KKKKK
310.0 4.0 3352.5 Marsmello
-2723.0 9.0 -3238.5 juan93
-3283.5 -21.0 2881.0 314
-25.5 31.0 -40.0 slogoman
7.5 31.0 -120.0 pollo
-3138.0 42.0 -3020.5 sofyy
-702.0 44.0 3598.5 nikosX007gr
-2931.0 37.0 -2859.5 kolo
-2960.0 30.0 3053.5 TobiUchiha
-3484.0 -15.0 2417.5 Andahuaylas
-60.5 3.5 10.9 Shirley8662
-3183.0 19.0 2933.5 icefox
-2991.0 37.0 -3168.5 Monet
-3756.0 -4.0 1624.5 Niky222
-563.5 24.0 3364.0 nasna
-2971.5 28.0 -2670.0 sindliy243
-182.5 25.0 -133.0 TheKawaiiGirl
-251.5 45.9 11.0 krissy
551.0 10.0 5138.5 fabian
-314.5 -12.0 1763.0 maikerumine
3889.5 -9.0 2284.0 Rita
-3016.5 14.0 -4085.0 vix
-2956.0 39.9 -3009.5 mr_dean
112.5 -301.1 -31.0 Sonsod
-129.0 35.0 -75.5 giovanyxz
-613.0 13.0 3329.5 kumary
129.0 29.0 15.5 Modisett729
-984.0 -2.0 46.5 lordaphmau
-3051.5 42.1 3206.0 Mangle
556.0 6.0 4961.5 fernanda
-3713.0 -13.9 2525.6 Kitty-Kat
-248.0 33.0 154.5 zhyvhen
457.5 10.0 3271.0 chicoPlayer
-478.0 19.0 3720.5 Alvaro
-682.0 43.0 3506.5 liliplay
-70.2 -4.5 28.7 hjgo
-3099.0 41.0 3313.5 Dragon-hameer
130.0 -4.0 -572.5 Mermaid
-2891.0 -19.0 -3637.5 Tetterton525
-844.0 44.0 3813.5 mily
-608.0 43.9 3568.5 jhona
-3668.0 -19.0 1745.5 Tipo
507.5 14.0 5052.0 Zarifa
-3580.0 -11.0 2655.5 nuu7
-2837.5 37.0 -3028.0 pearla
122.5 31.0 -23.0 venessa
-840.0 8.0 -72.5 kiaraycony
-2842.0 43.0 -3056.5 Geovana
-3193.5 15.0 -3747.0 maya
-245.5 38.0 -122.0 renz67
-2993.0 37.0 -3168.5 Kevin
-232.5 13.0 515.0 jtee
-3735.0 -18.0 2628.5 jessik2015
87.5 2.0 200.0 25
306.0 1574.0 -27.5 rnd
631.5 5.0 4791.0 Melissa
-3053.5 48.0 -2825.0 tom
-2915.5 43.0 -2931.0 Shova
-643.5 81.0 3492.0 sebagamer01
-2766.5 37.0 -3167.0 ninja
-553.0 23.1 -1.5 Ellie
375.5 8.0 3371.0 nasma
-1000.5 0.0 229.0 1109
5049.0 21.0 2098.5 Cinderella
5088.5 18.9 1975.0 CloudKid
-3188.5 35.0 -3064.0 111
-460.5 26.0 -21.0 Baragon
-889.0 6.0 71.5 Cutie
347.0 0.0 3322.5 Raul_357
-749.5 48.0 4111.0 simon
-791.5 45.0 3813.0 naniayk
-1227.0 24.0 -118.5 KwaiiChan
-79.5 -91.0 -364.0 Lavelle3729
-3787.0 -10.0 1727.5 sharon
-500.0 31.0 3763.5 alejandra
-3051.5 36.0 3210.0 Hello
-700.0 40.0 4083.5 sup27
-796.5 47.0 3844.0 Amy
-786.0 56.0 3934.5 Milii
-4031.0 -19.0 2241.5 alliedog
-657.5 34.0 3531.0 mireya
-3265.0 -4.0 2892.5 Krissy
-683.0 -19.0 120.5 olya
507.5 19.0 5287.0 jorje
-638.0 39.0 3528.5 Kirara
-102.5 31.0 -13.0 chaw
-3077.0 31.0 3217.5 ken
-3794.0 -12.0 2245.5 Shiro
-972.0 22.0 -160.5 lokiro
-2847.5 43.0 -2814.0 ROHAN
582.0 -0.9 5051.5 alexanderWTF
155.5 193.0 1.0 jose
-2963.0 -19.0 -3404.5 neverbeenfunny
-2958.0 42.0 -3091.5 Marjorie
-2762.0 1.0 3241.5 gianluigi
-11.0 -23.0 1373.5 sheashow
4767.0 57.0 2334.5 zaira
-829.5 55.0 3849.0 Govano
63.0 16.0 -180.5 jonosdf
429.5 92.0 -1865.0 helpless
-357.0 42.0 -47.5 Meaty
122.5 22.0 -322.0 destroyer
-3080.0 36.0 -3436.5 capcat
-6339.0 -5600.0 5441.5 hameer
-2963.0 26.0 -3063.5 snow244
-2908.0 37.0 -2812.5 shiny
-3262.5 -10.0 2887.0 robin1234
-605.5 36.0 365.0 MarcelPolskapl
-2939.5 40.0 -2877.0 Drake
-2949.5 51.0 -2875.0 lillyxx1
-1034.0 63.0 3885.5 Vale909
-757.0 3.0 -64.5 CoBa
-8942.0 -7.0 2886.5 fbpiter
-3802.5 -19.0 2329.0 JenqMinetest
-512.5 -7.0 -137.0 torix
-741.5 48.0 4033.0 Susan633
-434.0 45.0 57.5 penelope
-279.2 -11.5 -187.2 VikaPaw
-129.0 203.9 -437.5 Thiago
463.0 14.1 5252.5 vencedor
-392.5 21.0 308.0 pamela
-1106.5 55.0 3790.0 adriana
-2800.0 28.9 -2881.5 nuria
584.0 14.0 4983.5 Michelle12
-274.0 23.0 498.5 allie101
412.0 -8.0 -127.5 LORDpedro1523_br
-3774.0 -11.0 1622.5 miri123
3881.5 -8.0 2301.0 NIGHTMARE
-447.0 2.0 3541.5 jonas
-3502.0 -18.0 2613.5 ice17
1426.5 30.0 3.0 Pikachu
-479.0 21.0 3557.5 ashley
-712.0 42.9 3606.5 TigerClaw
-616.0 33.0 3489.5 yugi
-4052.5 -13.0 2512.0 Morningsun16
-1137.0 30.0 3601.5 killorlova
-581.0 45.0 3801.5 rothman
-430.0 1077.0 -243.5 Gabie976
-918.0 5.0 -67.5 Kupcake
-2632.5 71.0 2614.0 Sky_Fall_II
-2440.0 -2.0 -3500.5 Sparks
-2947.5 -18.0 -3569.0 carloshugo
-3658.0 -11.0 1680.5 Vinicius
353.5 21.0 5010.0 vix2
-2946.5 37.0 -2893.0 cooldudepro307
-4212.0 2.0 2558.5 Icewolf
-2971.0 42.0 -3206.5 NINJA
-3080.0 36.0 -3433.5 Delmer6774
-515.5 40.0 3912.0 andresssss
-539.5 41.0 3914.0 FernandaZ
-3040.5 9.0 -2081.0 BloodMoon
-3099.5 36.0 -3407.0 jmagnox
-8681.0 -5.0 2770.5 Luna
-554.5 40.0 4062.0 juanca123
132.0 10.0 124.0 youtubegirl
-3704.0 -13.0 2723.5 Lluryta
-5481.0 -18.0 2339.5 ProMariox
-3885.0 -19.0 2354.5 jorgeking
4904.0 15.0 2128.5 Mitch-
-3482.0 -15.0 2542.5 Ayaan1000
-3667.0 -18.0 2474.5 2
-800.5 -62.0 3929.0 tomas
143.5 33.9 -92.0 GameKnight888
-2754.5 -19.0 2383.0 DoctorWhooves
-3070.5 26.0 -4070.0 crissa
253.0 24.0 5118.5 juancholin
-3232.5 -1.0 2911.0 praggi
-3184.0 -2.0 2832.5 icefox1
