0.0 -29999.7 0.0 el
-3973.1 -262.5 2272.0 kiti
-2979.4 29.5 2948.2 Vanarsdal732
-98.2 -6.5 -4.8 Oskar
-661.0 -17.5 3859.2 jessik2016
-3091.5 35.5 -3414.6 jmagnox
-16.5 30.5 -35.2 Misha
9.0 30.5 -9.0 katty
-3184.7 9.5 2927.9 Shivajiva
140.6 -19.5 315.1 Hanson7943
-251.5 27.5 3623.0 vegeta
-490.0 24.5 3879.6 Tonymatador
-749.8 451.5 3561.2 jay3gr
-2577.1 -18.9 2545.9 fluffylivo12345678
74.2 27.5 -8.2 Lin782
0.0 30.5 0.0 Madrigal309
-3011.4 29.5 3039.8 yuki
29.2 30.5 -3.5 aaaa1
566.4 -13.5 5003.4 marcos453
-934.2 565.5 3452.9 CrimsonFenix
0.9 30.5 7.1 Hoefling790
-3088.2 33.5 3235.0 Macauley355
121.1 24.5 6.6 Decamstar75
95.8 28.5 51.8 phia
-1113.1 49.5 3813.5 masume
43.3 30.5 -3.6 Killion797
-47.3 30.5 2.9 Dingman919
15.6 33.5 -18.6 BabyAriel
-723.9 51.5 3764.3 Icewolf5478
-2858.7 1.5 -3799.9 brian4714
-237.6 33.5 -1102.8 lily20
-3811.9 -0.5 1412.7 nono
12.7 30.5 47.6 tunahan
-3031.4 40.5 -3442.2 ney
-42.5 30.5 -17.1 jojo
12.3 30.5 -115.2 allemdjs
-755.0 46.5 3891.9 AKtk
-432.2 1074.5 -211.5 Evil-Thao
-3053.2 169.5 -2333.7 hellokitty
-3673.0 -19.5 2564.4 diamantito
1.8 30.5 65.6 DIED
0.0 30.5 0.0 cottenballs
160.3 181.5 8.0 sprintrap789
-12.7 30.5 -14.2 carolyn
0.0 30.5 0.0 mario64
75.5 -18.5 -245.7 Spongey
164.2 128.5 89.9 prostituta
-3189.2 1.5 2963.2 Binoto314
-1327.4 530.5 133.0 Alicat
252.9 254.5 155.5 Kurumi
-3562.6 8.5 1527.1 Trump
-3580.3 -19.5 1734.7 cash
-930.6 562.5 3466.9 Stanislava
162.1 168.5 68.1 HaKKeT
4837.5 -288.5 2100.8 Jake46
-185.8 -27047.5 273.6 nick
-333.1 -28.5 -1.0 wfxh
-2913.2 15.5 -3987.9 yael
-431.2 1076.5 -244.1 AstroBoy
-3701.2 1.5 2959.0 girlcool
-24.6 30.5 59.8 Flas
4848.0 43.5 2419.1 wina1234
115.5 646.5 633.8 Terranov
-2867.2 36.5 -3079.6 bianka
234.6 0.5 3198.1 krissia
0.0 30.5 0.0 demarion
-3642.4 -19.5 2838.0 juancholin
-6875.2 -4730.5 5495.7 babylove
-147.2 -72.5 -17.8 enez
0.0 30.5 0.0 isabella25
-1205.1 13.5 2583.4 Wrazhevsky
160.8 17.1 4888.2 evil_stabell299
178.7 11.5 208.3 hero8
-6530.1 -5244.5 5395.9 Tony928
142.1 122.5 -23.8 RUBINHO
362.7 -4.0 3332.5 Luana
57.6 30.5 24.5 jeremyon
-190.1 30.5 -81.2 noob_po_ako
643.8 2.5 4811.1 ale
-4323.7 -18.5 2564.8 ihascupquack
-3636.0 -16.5 2624.9 trevore
-3244.2 -37.5 2881.5 Max_death_killer
-3363.0 -7.5 -2990.6 gggg
-617.2 22.5 3433.0 XxAntoxX
0.0 30.5 0.0 Lluryta
-3842.3 -14.5 2286.4 anely
-4.7 11.5 -176.1 marleen
52.5 30.5 21.6 ptsvdalrlgagv
-3438.0 -19.5 2585.5 pearla
-425.0 1076.5 -229.0 igor
-773.6 -10.5 -343.5 JIusenok
-360.8 14.5 465.9 Negley406
9.2 30.5 -12.0 kylian
5039.4 24.5 2148.4 jack
-3650.9 -18.1 2528.4 Rimo
-688.3 28.5 3406.6 Frisina189
0.0 30.5 2.0 frrcrdtfrx
-499.9 26.5 3837.1 Slayer1
-2926.5 -102.5 -2981.9 nobody
11.1 30.5 -23.2 sofit
-728.0 54.5 3956.0 rapero
-52.2 28.5 7.2 djgraedy900
13.9 30.5 -38.2 vsvshsh
-3580.9 -14.5 2419.2 Lover-chan
-2527.2 -19.5 2305.6 LM901
109.0 21.5 -308.4 67221245191
-419.9 1078.5 -228.9 Mason_The_King
4756.3 42.5 2438.3 rikka
-1053.6 8.5 -216.0 mcKeyla3
-2776.8 -2.5 2941.9 KoolKendall
807.8 -8.5 4713.1 luna16
-23.8 30.5 -12.5 Mxlp
-477.2 15.5 3597.5 SOFIIIA
-397.2 35.5 -117.6 littlekittycute
-3063.8 -3.5 -2998.6 sargo10
-2519.6 -15.5 2155.3 leah9001
-7.2 30.5 -21.0 Chev
-2615.5 -920.5 2348.0 wuarf
-3166.3 5.5 2997.2 wesley12
-2929.4 28.5 -3528.9 minedead27
-322.8 -25.5 3.0 1wass
-21.4 30.5 37.4 127t86
-3045.9 35.5 3204.8 nightmoon15
-3788.1 -10.5 1712.4 bb
-22.7 4.5 228.0 manuel
-1.7 30.5 1.5 danielPVP337
0.0 30.5 0.0 pilouptichou
31.9 30.5 22.0 noplay
509.9 9.5 4881.3 MrWilczek
-93.8 29.5 -338.2 nenis
-3541.1 -6.5 2667.0 14786
4.2 30.5 6.1 Fernando
15.2 30.5 41.4 pizza
119.3 174.0 -2.5 bertely
-2591.0 85.5 2631.4 Savage22
-3850.0 -19.5 2279.8 moni
5399.7 440.8 2200.7 super_girl9004
-2826.2 37.5 -3163.9 Gabriel2
-2705.1 -13.5 2580.0 Ness1
-2991.9 21.5 -2531.6 angelo1123_
-2974.9 19.5 -2576.8 minetestruben
-38.8 30.5 4.3 toki
-1283.1 44.5 3828.4 Lavadera485
16.7 33.5 -13.1 laurita123
-546.8 29.5 3658.6 black
46.8 30.5 14.7 KILLER99
-91.6 -27152.5 339.1 Shiro
43.8 26.5 -67.8 ngela
-2995.2 30.0 2987.8 Paisley
-807.9 13.5 4292.0 HKG100
-3808.0 -0.5 1416.4 bathgirl
-1.4 30.5 1.3 iuhcdsiusfrhilureho
-422.6 12.5 3571.5 kevin8888
162.3 77.5 58.5 artur
-3028.0 41.5 -2959.6 tony123
-2969.1 37.5 -2875.5 king
981.1 -4.5 4849.4 xisco
-2917.2 42.5 -2934.0 Zaheen
-48.7 39.1 15.2 Cammy_Cat
11.2 30.5 42.1 on
-3089.1 61.5 3395.6 Alison-Heart
12.3 30.5 -17.4 can
-0.7 30.5 69.3 sjsj8425
-75.8 4.5 29.2 Ketlym
-720.5 37.5 3507.4 MasterDiego
-3577.6 -13.5 2427.9 Max_killer
0.2 30.5 3.8 253899
-34.2 30.5 14.0 godzuponus
-6278.0 -5151.5 5205.1 via
-793.2 -14.4 2559.5 Mason
-3725.9 -17.5 1607.0 shadow
774.3 -15.5 5371.9 natalia
-430.5 1076.5 -239.2 exultantholaqhace
-651.9 37.5 3545.9 Dana
-3430.8 -28.5 2597.7 emra
-3306.8 -173.5 2892.1 wesley00000
30.9 83.5 -398.8 SGT_Pain
109.8 30.5 118.2 shdi
-3073.8 17.5 -3684.4 ani
-855.0 47.5 4091.3 micaela
551.8 -18.7 4058.9 elpro
68.9 -7902.5 -594.8 Mouscedess-King
-1.6 30.5 -0.6 loq
0.0 30.5 -27.3 milley
-2966.9 40.5 3044.1 Pugzy
-80.6 30.5 3.8 Vitor
-70.6 2.5 -118.1 505
-34.0 30.5 29.0 omar
-3000.0 30.0 2987.9 Rudnicki855
-2788.2 20.5 -3477.7 savannah525
-31.3 30.5 -37.2 skillet
-655.7 30.5 4837.1 jan6
-3782.8 -6.5 2999.9 slenderman
0.1 30.5 0.2 Guerero652
-4330.3 -18.5 2567.5 Bryn
-708.9 29.6 4159.0 Enriko
4952.8 42.5 2411.0 Evil-Ally1234
-43.1 30.5 110.1 teeny
-3157.9 24.5 -3692.7 lame
77.4 22.5 -305.3 GENTLEMAN
-2950.1 66.0 -2875.8 charwin222
-678.5 31.5 3489.7 hunter
320.1 -0.5 -134.2 nfdv
-2018.5 258.5 -2253.8 margie
1113.9 0.5 5030.1 luicarolina
-799.9 54.5 3810.5 JustinDj2_
0.2 30.5 7.3 tfyyui
16.9 30.5 79.8 lvlvlvlvlv
-933.2 -16.5 564.2 no_one
0.0 30.5 0.0 shuko
8.4 30.5 -13.4 sebi123
-3223.7 -0.5 2924.2 aprilynne
-3604.8 -12.5 -165.7 QwertyDragon
133.6 176.5 7.6 ivan777
-9.2 -20.5 -92.2 Psycho_Girl
125.0 86.5 72.9 nuf
134.9 176.5 6.0 Steve
-238.6 40.5 42.5 PewDiePie
-8652.9 1.5 2866.8 juan
-432.5 1070.5 -229.0 ProCesarxx
1134.4 -5.5 4972.3 brenda12
-91.2 25.5 -312.0 Haruka
1234.1 3.5 5008.7 oliver
-2813.9 0.5 3053.1 Strnad459r
80.2 30.5 -2.2 Richel708
-514.4 20.5 12.9 Diego
464.5 19.5 5229.1 vegetta777
-269.3 15.5 3629.8 guapa
-765.7 41.5 3563.3 leonardo55
-2746.2 11.5 -3995.4 Super_Baby_Girl
120.7 27.5 7.8 spring
-2745.9 474.5 -4341.0 julian_omg
3266.0 -6090.5 5671.1 Hector
1144.2 -1.5 4953.7 jorge
-3719.8 -19.5 1610.9 darknis
-1695.2 31.5 2639.8 Tuinslangg
-3051.4 30.5 3048.7 Lightning101
-22.7 30.5 -18.5 Britson514
-4.5 30.5 -7.9 Anthony
-30.5 17.5 -99.5 haja
236.3 -72.5 -62.8 Gav
-2372.7 -16.5 2996.1 josehp
39.8 30.5 -10.3 greninja
-341.4 17.5 3542.3 kiki
-120.9 30.5 100.9 999
3216.5 -5969.5 5668.9 lolswag
-88.8 30.5 48.2 hjg
-506.0 -175.5 -126.1 jonathan
13.8 30.5 -6.2 Barfknecht784
451.1 -11.5 3753.0 shino
-3203.9 -0.5 2930.6 MS90
-18.3 30.5 -14.4 beto
-652.9 26.5 3451.4 stromber
-2804.1 37.5 -3090.4 Maria_gamer
-4250.9 -14.5 2308.8 wild--style
-986.2 58.5 3961.2 Cristian10
-11.1 19.5 63.7 Gaumont799
-3195.2 8.8 2947.8 teresachen
-2.2 30.5 -9.6 Bonito901dgfhh
0.0 30.5 0.0 gamers
60.7 30.5 32.5 kapwleke
-2862.1 0.9 -3799.9 waterwolf
44.0 30.5 -14.4 Gustavo
0.0 30.5 0.0 Guest3333
-40.0 30.5 -35.0 kerdjina
3.7 30.8 0.3 simon
24.8 -19.5 293.8 898989
-2735.6 -16.5 2322.3 reah
-579.9 33.5 3480.4 andress
-4749.9 -19.5 2374.8 Camden
13.3 36.5 80.3 Otaku
-21.6 31.5 -70.7 2313
-54.2 -14.5 -44.8 pingouiz
-761.9 -0.5 -110.8 Mclfofis
-703.9 19.5 3326.2 AHOJK222
4750.1 49.5 2378.2 selestia
32.5 -244.5 179.5 Araitz
-2978.5 29.5 2955.9 Mountcastle350
433.9 7.5 5023.4 wally
3.8 30.5 -7.2 brielle
-3774.2 -17.5 2750.4 garnet
-3611.3 -19.5 2425.1 james
-569.3 -19.5 -247.2 locik
-44.7 30.5 8.8 yafi
-38.0 30.5 -46.9 Schaffel2
-0.2 15.5 -36.2 1111
-3281.5 -14.5 2768.8 Sophie
-2625.5 -14.5 2402.8 sasha
1128.1 -0.5 5028.4 lucas
-3663.7 -11.5 1683.3 deividi
-196.9 23.5 -5.9 Lupacchino55
-604.9 36.5 3916.0 FarhanKIRITo
-3222.4 -0.5 2929.7 supersis
-7.0 18.5 -315.3 HarleyQuinn
-2656.1 -14.5 2458.0 Jonh99
0.0 30.5 0.0 Kaylia
-1243.1 -14.1 -369.8 stabell299
688.6 2.5 5025.3 jaaja
0.0 30.5 0.0 Mertins223
14.8 -67.5 167.8 fuzze
-1013.8 44.5 3707.8 164
-51.0 30.5 9.1 ghgggjhk
1.0 30.5 3.9 qweyetyasdfgg
49.8 30.5 -120.8 ODWANWORLD
34.5 30.5 39.2 tairick
574.5 -11.5 5091.7 lenay
566.9 -18.5 4073.9 fbpiter
15.5 7.5 -222.4 summer_nikicole
-664.0 25.5 355.2 verka
15.2 30.5 1.2 falik
-20.3 30.5 24.2 laura
-0.4 30.5 37.0 Brilliant936
-104.0 30.5 26.1 Samuel
4751.3 46.5 2323.7 Pankratz421
-8.8 28.5 10.5 Gniewek196
151.2 -15.5 3633.0 MILOS
-1.7 30.5 -0.2 Bruuji
568.8 -9.5 4071.2 fabian012
-754.9 39.5 3543.7 Tyle
5035.1 20.5 2088.6 Britney123
-625.5 26.5 3469.7 barush
-3214.2 1501.9 -483.9 samwearsfez
-14.8 30.5 -27.5 lt
-3091.0 23.5 -4036.3 Tenhaeff
-902.6 -159.5 -810.1 WhiteOwl
-3778.8 -14.5 1718.3 Zeus
-125.2 26.5 7.2 Sailormoon555
-2599.0 -19.5 2517.7 fluffylivo1
-3588.5 13.0 1494.5 boss205
62.4 86.5 -318.2 Baggins
0.0 30.5 0.0 Cloward248
-105.5 -17.5 -198.2 OliviaPlatano
-823.2 53.5 3990.0 Roberto
16.7 33.5 -10.6 roxy
-25.5 30.5 -4.4 armiya
-2769.4 0.5 3236.5 gianluigi
-3001.3 36.5 -2998.5 romriell506
-3556.7 6.5 1538.9 Clouden473
55.8 -19.5 1635.2 Toover
89.8 -21.5 107.0 Holli1315
-2773.5 36.5 -3106.2 isabelle
0.0 30.5 0.0 ffgffgffgfd
-2703.9 -19.5 3135.1 dounutcare19
626.7 1.5 4720.4 elica2106gamerYT
19.9 30.5 36.9 sonya
-2682.1 -18.5 -3217.1 lavender
562.9 4.5 5000.6 marcianito
-3030.4 36.5 -2970.1 Matkins575
46.0 -396.5 117.2 Furgen
-987.5 49.7 3954.8 akiraa
-1034.3 39.5 4116.6 Vale909
-30.8 30.5 -58.6 Partlow262
0.0 30.5 0.0 Katherine9513
12.1 30.5 -16.5 derar
-15.5 28.5 15.7 Eurolins
5.3 30.5 5.7 shahzad
-2.0 30.5 17.2 Mariee
-3059.4 36.5 -2920.1 Gillem706
-3890.7 -18.5 2327.9 shadowking
-3657.2 8.5 2864.7 marmom
-3620.2 -15.5 2495.7 sophia
-3087.2 21.4 -3603.6 Monicaa
215.8 84.5 216.5 Papa_Roger
-3000.0 30.0 2987.9 brownman
28.8 30.5 7.5 Uzzell329
-729.9 35.5 3428.3 alpaca
-2708.0 -5.5 2408.9 suprcute
-276.9 39.5 0.3 lb14786
-617.3 22.5 3433.0 Antrosina
-602.4 29.5 3524.1 Tony2020
-444.6 48.5 108.4 Astronix1
-847.2 -74.5 3961.9 santino
-3001.2 29.5 3029.4 Eppert165
-3651.3 -13.5 2453.7 Shawn
110.7 11.5 -88.2 DEAD_FOX
-3002.5 36.5 -3393.3 luna10
12.0 30.5 77.6 Camden_999
-3082.9 29.5 3211.1 pigie
5080.5 28.5 2295.8 Fabian0
-759.9 -8.5 -13.4 rin
-970.2 49.5 3782.4 little_carly
711.0 -1.5 4639.7 lundy
-2871.3 36.5 -3002.3 Matthew
65.3 -58.5 1.3 coolgirl03
991.9 -19.5 5438.4 Nunusi123
-591.0 36.5 4419.8 Landon
7.6 30.5 -16.3 lol123
-2977.4 29.5 2915.1 gt4
62.5 30.5 -24.6 cata445
-730.2 66.5 4763.6 CC10
-571.4 30.5 3711.8 franky18
-17.8 30.5 -21.7 Madalyn83
-3775.2 -17.5 2749.8 chuky
-36.7 30.5 -44.8 fox
-330.8 -269.5 3578.2 Centution
-43.7 22.5 26.4 1096
-1.0 -58.5 1.6 yaretsi
-3575.1 -19.5 2419.2 Ayame
-3222.5 -1.5 2886.6 Rosie
-3047.6 24.5 3217.2 Hello
1151.4 -8.4 4920.3 axel
-2835.8 24.9 -2684.2 Chloe
-60.8 -16.5 17.2 Denise
-26.7 30.5 -33.7 Jonas
-468.5 26.6 -0.8 DerpyPony25
-3089.5 -4113.5 -4689.3 ziori
-881.4 51.1 3844.1 XxGuest8896xX
6.8 40.5 78.6 hjgf
29.7 30.5 17.3 youneslaclasse
-137.2 1.5 3664.7 Sebastian485
718.9 48.5 4797.2 suco
-210.1 30.5 143.2 DragonLover18
0.5 30.5 1.8 jayden16j
9.1 30.5 27.0 luan123
347.4 -0.5 3326.6 Raul_357
0.0 30.5 0.0 angelina
0.9 30.5 10.8 NutellaNutella
-3028.6 35.5 -3251.0 poloPRO6946
-2606.0 -22.5 2425.1 chavez
-4084.7 13.5 2450.4 zakwan
0.0 30.5 0.0 dsey4xx
31.2 30.5 -19.4 Albijon
-421.0 1083.7 -219.1 sam12
791.2 -0.5 4968.1 martin11
33.1 30.5 31.2 vitoria
-547.2 -899.5 3990.9 stevejt2
-4.5 30.5 76.0 fjfhfdxccfdxc
415.7 -27030.5 453.4 Goldberg
-419.8 1078.5 -235.1 Micuel
48.5 30.5 -1.3 1235678910
-2965.7 36.5 -3167.5 dragonXgirl
-431.7 1076.5 -244.8 superhotgirld
1.1 30.5 -0.2 gabriii55
-3526.6 -19.5 2528.2 jazmyn_jazzy
13.5 36.5 77.7 vegetta
91.3 30.5 -68.4 knkk
183.0 181.5 15.4 potatoes
12.0 30.5 -17.2 Daddy
-21.0 30.5 -119.1 lsca
41.8 30.5 -2.7 cam
132.2 176.5 6.4 labg
43.0 41.5 -16.8 ADMIN2
0.0 30.5 0.0 asfgstg
-219.7 -27062.5 200.2 katsumi
17.7 40.5 78.6 112B
188.3 39.5 -1156.5 McFlex
-138.7 21.5 -24.2 jhgkkihh
4871.4 41.5 2420.0 Luke4
-3605.4 -17.4 2487.2 Mackenzie
76.0 -22.5 76.1 hawaw
1.4 30.5 -52.5 12345b
35.0 30.5 -41.9 Holberg872
0.0 30.5 0.0 MicheCross
-3744.0 -17.5 2487.4 Herobrine
-2806.1 2.5 3007.8 hotgirl
-976.3 248.5 3549.1 HotFunCuteAlex
19.0 30.5 6.5 Pahul
0.2 30.5 0.0 bajjkas
-0.0 30.5 -0.2 alison
-476.4 18.5 3714.9 Alvaro
-39.3 10.5 -200.3 Julian2AJ
-36.3 30.5 -48.9 benny
15.2 30.5 15.6 tzz
5090.5 26.5 2193.8 namer
-3195.3 51.5 -2854.7 -Joy-Chica-
-142.6 228.5 -345.8 mar12
-2617.6 84.5 2648.3 FatimaF
-3058.5 36.5 -2761.2 rogeli
-1017.1 53.5 3844.2 walaby
17.4 33.5 -9.1 fernanda
-0.6 30.5 100.0 Melanie
0.0 30.5 0.0 olumsus
-431.9 1074.5 -246.6 Explorer387
622.0 -3.5 5074.8 sirena
-3033.6 165.5 -2624.5 mateo
-6.8 30.5 -7.9 Wova
-3158.6 -0.5 2820.5 bad_boy
-3836.2 -7807.5 -4826.9 herobrine
-551.9 41.5 3374.9 Cassandra
0.0 30.5 0.0 niki
-45.6 30.5 -32.6 noah56
489.7 21.5 5208.3 chicaghoul
-785.2 -9604.5 -946.3 floppy
-0.6 30.5 0.1 elarney
5151.5 40.5 2088.8 mila12
-579.7 11.5 3320.3 Gabriela
318.3 19.5 3192.2 liliplayer
10.5 30.5 -10.8 ggvfgvcjddhfhdnejfj
-7.9 30.5 -33.6 Milliman82
6.4 30.9 -6.4 Nikih
-268.1 -4.5 -185.6 y_
-98.8 30.5 -335.2 FallenAngel2
4914.9 19.5 2099.2 Mitch-
45.2 -14.5 -48.8 2100912
-13.6 31.0 53.7 gg
5458.2 236.5 2147.2 Centurion
-3032.1 28.5 -2965.2 neverbeenfunny
-2719.0 -31.5 3110.2 Racheal
-198.6 30.5 87.9 Agata
531.8 7.5 4836.8 Lucasgamer
-940.5 2.5 1709.8 Sabrina_Reis
68.6 -49.5 162.2 Banks
-3729.8 -4.5 1637.0 huhy
-259.5 -20.5 -145.5 dragon22459
0.0 30.5 0.0 0307
-17.3 30.5 32.5 mular
15.8 217.4 -5.4 Rita
-579.2 32.5 3591.9 Lobx
-706.8 51.5 3790.1 lauridomi
22.3 30.5 17.3 deaa
-406.4 1.5 3715.2 chicagamer435
36.6 15.5 -130.6 Eive
-6.4 34.0 142.3 bipro
-2618.8 1.5 2807.3 entity303
73.4 17.5 -283.3 Valerips
-334.7 580.5 -470.7 Grou
-2746.2 0.5 3235.3 lisa12365
25.8 30.5 13.3 Akasha
-621.7 26.5 3471.2 barush3452
195.1 577.5 -277.7 phillipe
314.5 0.9 4757.3 QueenSavage
-2.3 -4.5 125.6 WELLAH
-3644.7 -18.5 2631.2 batman
-1350.4 24.5 3486.6 lia
-549.3 29.5 3676.2 Danigamer
-196.7 30.5 81.0 wdjdkhf
-836.3 43.5 3806.1 Santiago
-76.0 -18.5 243.8 perfect_angel
124.8 25.5 13.2 Panetta475
-3376.0 225.6 2988.0 james24
5046.2 20.5 2092.4 Cinderella
-4334.8 -18.5 2577.2 Master_Adnan
5113.2 19.5 2039.3 dasha123
69.2 6.5 -65.0 adil
-3888.5 -19.5 2340.0 jorgeking
-3090.9 40.5 -3019.2 amiela
-3054.0 36.5 -3173.6 Virzi
-3753.9 -15.5 1816.9 Visteriop
12.1 30.5 -87.8 Metevelis384
-56.6 30.5 14.2 casher12
0.0 30.5 0.0 Renier303
-3189.9 102.5 2954.8 icefox
-3152.9 29.5 3195.7 girl
-102.1 30.5 33.7 noror
-444.2 1071.5 -234.1 Dargod
3903.6 -7.5 2301.9 NIGHTMARE
71.2 8.5 -44.2 fathimah
-2932.7 19.5 -4000.1 sam10
-624.6 35.5 3554.8 Allisson
-0.0 30.5 0.0 max
20.8 10.5 140.7 conkmaster
-41.3 30.5 -17.1 Shriver889
-14.4 28.5 14.5 Juan_Mini_Pro
74.7 22.0 -311.2 Nathan901
-549.4 11.5 12.8 TNT
31.6 30.5 -6.4 TurkyemUtku
-18.3 30.5 -15.5 athar
-2948.0 29.5 2977.8 visi
-2961.1 29.5 3044.0 Klitzing870
124.2 7.5 -334.5 Mistery
235.9 420.5 -66.9 Maddie
-674.8 47.5 4043.9 Legend
140.9 181.5 -16.2 sans
-549.7 15.5 24.7 sorcerykid
77.7 13.5 81.8 boy
-2833.7 -5222.5 -4189.2 rosita
-2640.4 -19.5 1787.4 Thao_gaming
-1265.3 50.5 3834.3 Alexa1111
-3149.0 36.5 -2816.0 rodrigo143
-48.4 -24.5 7.2 vanya
-14.2 0.5 122.8 yghhr
862.3 -541.5 4850.4 clau
34.2 30.5 46.5 antos
146.3 181.5 -7.0 Ricbi
-3495.6 -17.5 2551.4 Shaunna
162.7 181.5 -22.4 Melisa
-3264.9 -9.5 2886.4 Evil-wina1234
-8.4 30.5 -15.3 xiomy1
4956.8 39.5 2209.8 JenqMT
-33.9 30.5 -27.8 khalid123495
-797.8 44.5 4063.1 diegoyael
-16.4 11.5 -177.4 TvAnenna
-11.6 2.5 147.8 541907
-3284.1 0.5 2881.8 314
-62.9 -24.5 66.6 fhifyu
12.4 30.5 -14.6 Alan
-13.8 -6.5 -75.7 BRUNO
-2967.4 29.5 3013.6 lettu_1
-6338.1 -5600.5 5441.2 hameer
-654.8 39.5 3612.2 bstaard98
49.9 30.5 -33.0 drivef
-3701.7 17.5 1425.0 Bobzz
1869.5 390.5 2152.1 Blu
-3876.2 -18.5 2314.9 fabiana
-3108.6 26.5 -3692.8 blasterman
9.2 18.5 -102.8 Pika
7.8 30.5 6.2 rafael27
3.0 30.5 -6.6 yeson
388.7 -78.2 5129.0 Salex
155.3 77.5 57.6 rita1234
-18.9 30.5 6.0 Hattori396
-209.2 16.5 294.4 BatRodrigodiego
-1256.8 29.5 3635.2 edgar
166.8 -6.5 290.5 Zer00kun
33.8 30.5 -11.6 jeven
-28.8 -18.5 -347.8 dewig
-581.9 33.5 3483.9 steve
-204.7 492.5 -189.5 Camilla603
-423.2 1036.5 -341.8 mel_YT
-2959.4 35.5 -3394.3 starfire
-786.2 46.5 3856.5 catcorn
-129.6 31.0 10.6 yanah
-133.1 228.5 -343.2 emi12
-43.8 -22.5 -357.8 099waldo
4061.3 42.5 2343.5 zaira
-40.7 30.5 15.9 Ziegel201
-2.9 30.5 3.7 tuvip0147
-235.7 544.5 839.4 Jasmine
-75.3 30.5 20.7 kholoud
-6511.4 -5179.5 5408.4 canner
0.2 50.0 -423.5 rodrigo
-3683.8 -18.5 2637.3 xX_Panda_Girl_Xx
-563.6 27.5 3723.2 Maira
8.5 -71.5 -305.0 hi
-3037.6 32.5 -2955.6 Wylma903
-177.9 -514.5 3713.6 ariana
-219.5 969.0 35.2 bluefish
0.0 30.5 -0.1 jose
4812.4 45.5 2421.4 LOVELY
-736.7 28.5 3343.0 Libberton556
0.0 30.5 0.0 alex
14.1 30.5 6.1 NicoleGamer
-41.2 31.5 13.7 Spinoza757
-0.7 30.5 0.8 ken
53.8 30.5 17.0 house
-739.2 -19.5 3509.1 leydi
-2797.7 36.5 -3124.6 Micrimax
-7000.1 -13.1 4125.2 Beerholder
10.2 5.5 194.8 kryel
-403.9 13.5 3555.9 Lilly
0.0 30.5 0.0 Boardway559
64.1 6.5 -276.5 SONOFSATAN
-693.7 -29.5 798.5 chapii12
3246.2 -6009.5 5711.9 TerraBlade
161.6 181.5 -4.4 Trader_Bot
-15.1 30.5 0.4 Johanne499
-845.5 894.5 3450.9 Alex10
3538.7 -6214.5 6021.3 Rique
541.6 22.5 5261.5 Melody
-2842.9 47.9 -3089.7 Niky222
-2.3 2624.5 -163.7 mach
-3117.9 18.5 -3951.9 perro
5.0 30.5 -12.3 VIDORI
0.0 30.5 0.0 Bibber853
-569.4 34.5 3880.6 ggggggggggggggg
-922.9 -10.5 205.9 14
0.5 30.5 1.8 guilhermebr
190.4 181.5 -37.1 Amicone397
-579.2 -676.5 3647.1 johnalex
-1.1 30.5 -2.5 Farwick622
4909.7 44.5 2234.9 TomTheKiller56
1194.9 1.5 5034.9 Mokiko
3112.6 -6595.5 6073.1 iZacZip
-3081.2 29.5 2984.1 Jordon
4913.7 25.5 2144.1 darel
20.2 30.5 -79.9 slaimik
-763.1 34.5 4171.0 juanitos
-6.1 31.5 -10.4 akjkz
120.7 23.5 7.0 micrimax
4892.2 40.5 2147.9 76
0.0 30.5 0.0 mrkokak
490.1 31.5 5139.3 hora
-827.7 43.5 4088.0 Lisbeth
-3152.2 29.5 -2992.5 alphastein
-2429.6 31.5 -3053.0 simonAS
108.8 4.5 279.8 Fox
-3051.1 27.5 -3674.4 enormous
-2991.1 43.1 -2861.1 Ribby
-2947.6 7.5 -3740.5 Jenna
-98.2 30.5 -4.6 cookies
159.9 18.5 246.6 josuefernando23
-3578.2 -16.5 2596.6 Kullas711
-55.5 -17.5 1380.1 dfq
6.3 30.5 -2.3 Anjas
-3091.3 1506.5 -2547.7 Cha-Ching
-927.2 497.5 422.3 CYBERJAM
18.0 30.5 -13.8 666
-767.1 49.5 3852.5 babymaddi
-411.2 38.5 -25.3 babe1126
253.2 -27.5 -182.8 Danny
804.5 -20.5 4594.6 crystalgamer46
18.5 30.5 -8.0 josee
-4699.1 -19.5 2272.5 Liz
-65.8 30.5 -49.0 minecraft
-467.5 19.5 3809.7 gamer
-120.6 9.5 262.1 city
2.8 -3.5 -85.9 ek
-1181.4 32.5 -31.0 kittycat123
-2967.4 40.5 -2959.4 LaserJet
7.6 13.5 -99.2 pro3000
-16.9 30.5 0.3 Cook9790
-53.5 47.5 -1141.4 444
4.1 30.5 9.2 rohman
0.0 30.5 0.0 Steven203
-5.3 30.5 12.5 micka
695.1 81.5 4340.9 stax
-207.4 -27366.5 297.9 lexy1
18.9 30.5 7.7 NHT
-16.2 28.5 48.2 Dejean435
-2974.5 36.5 -2966.9 frfe
-30.8 374.5 509.7 limetime
-788.4 53.5 4061.4 chicagamerguapa
-348.8 -1.5 215.8 robert
-636.2 26.5 3456.3 sebagamer01
-1243.2 -18.9 -369.9 andrea006
-505.7 -175.5 -126.0 ivan
-3044.2 30.5 3249.5 Shuffstall955
-5459.5 -19.5 2324.7 ProMariox
-3025.3 29.5 3023.4 shadow_
-3755.3 -0.5 1660.6 Alucard
713.5 1.5 4739.9 Cristhian03
-57.4 -16.5 -3.9 Kealoha597
-3.8 -8.5 -88.8 val
-1066.2 51.5 3821.9 picachu
-244.2 -27060.5 183.5 TobiasLP
-3229.6 25.5 2943.0 180Palitti
2249.2 27.5 3724.6 CrazyJoker
61.6 -3.5 145.6 fire4545
14.2 13.5 -83.8 rizza
4075.3 43.5 2332.7 Zarifa
-3312.5 9.5 2654.0 bella12
125.2 35.5 1.4 arfan
-654.6 81.0 3493.3 MaguiLoves
-3104.3 29.5 3215.5 kitty
-840.4 43.5 3821.9 mily
719.0 -0.5 4760.7 cuadra
-4344.4 0.5 2246.8 Margo
-2829.9 443.8 -2541.6 skely
-8.6 30.5 -9.5 Sieminski376
773.7 4.5 4758.8 KOBOLDPUMPKIN
15.2 30.5 15.8 Manson
48.0 30.5 -32.9 andry
-785.2 46.5 3876.5 Stearne136
-2977.8 40.5 -2830.1 Vlad
-69.1 30.5 20.7 JUNEBUG
0.0 30.5 0.0 martin
-3.8 30.5 -0.8 Guest55626
-528.6 33.5 3540.8 natheir
-41.8 30.5 17.4 Arcangel523
91.2 21.5 -333.5 SalexNzking
748.2 8.5 5003.3 laura6
-3155.9 36.5 -2746.2 Saira_456
-3313.4 -18.5 1951.3 sundee
-3575.8 5.5 2422.6 Ryan_killer
-4179.0 -17.5 2245.6 NISrine
0.0 30.5 0.0 Milderberger341
-2625.8 64.5 2637.5 blubberig
0.0 30.5 0.0 victoria
280.0 897.0 329.3 NewGirl
-894.2 58.5 4040.1 Brayan123
-2840.3 8.5 -3901.4 foxy789
33.1 30.5 -0.8 red
-605.8 24.5 3455.4 AmberBowShot
-3845.0 -19.5 2490.1 Muehleisen136
11.0 13.0 -348.4 Fietek127
11.8 30.5 -12.5 juanfelipe
-3731.9 -6.5 1653.8 Kattt
0.0 30.5 0.0 Hartje167
-4216.1 -0.5 2594.7 Stacy
-447.6 -19.5 3901.8 Thunder001
125.2 83.5 3.6 siphano
-1040.0 52.5 3821.0 chicagamer20p
3899.0 3.5 2322.4 pretty
-671.1 40.5 3689.1 awsome_girl
-2942.8 4.5 -3342.9 mr_dean
-3086.0 17.5 -3878.5 Limonek
5024.3 37.5 1946.2 kakakakakaka
256.2 25.5 4975.2 vix
-2995.3 36.5 -2926.4 shalonaa
-137.4 -418.5 -81.9 TP23
2.4 -1457.5 3775.1 Xrafede
-2398.0 -17.5 -1498.4 JRE71
4070.8 41.5 2377.1 22
-711.2 31.5 3429.7 KawaiiCuteness
27.4 30.5 45.8 utter
-6681.8 -4997.5 5542.2 moises
-3111.1 32.5 -3043.8 lucy
-1.6 30.5 -65.2 KGR_romaniaYT
-1216.3 33.5 3631.2 ayato
-3393.2 -4.5 2618.4 kittygals3
-559.4 -17.5 1836.6 ryam
-984.2 50.5 3825.8 XxmomoxX
-3309.9 -13.5 2556.7 u
-2506.4 4.5 -3525.2 Santino356
0.0 30.5 0.0 Rayan
4919.3 25.5 2144.7 bamyoung
113.9 11.5 -270.0 suki
0.0 30.5 0.0 Kiana5401
-41.2 30.5 37.3 MoonKitten
68.9 30.5 34.4 Leonardo
-404.0 1.5 3715.7 ambar18
7.8 30.5 -32.2 Fenske627
-785.8 50.5 3934.2 kano
-886.5 -10.1 3618.9 crystalgamer
-700.0 -26.5 794.7 tobiasemilianoperez
-2988.1 36.5 -2956.4 Dasha2601
-3038.2 29.5 3146.4 Mastrianna305
-3080.3 34.5 -2668.4 Ender_friend
-3662.1 8.5 2871.8 Valery494
-28.1 10.5 -320.4 sanchirka
-564.4 30.5 4142.6 shawna
-1.4 30.5 -1.5 James
86.8 30.5 3.0 anuel
-937.0 36.5 3275.3 Lynne
4853.4 43.5 2417.1 canner1234
-0.6 30.5 -2.3 Gdheb
0.0 30.5 0.0 ADMIN
-559.1 35.0 3548.8 isabela
-3204.2 -0.5 2938.5 Dustin132
-2985.9 42.5 -2857.2 Roxie
-581.3 33.5 3479.7 MINER
2.4 30.5 0.4 cooljar10
-15.8 30.5 -6.2 Thavichith801
-1082.8 47.9 3737.1 MariaCool
353.6 1.5 191.1 Baobab
-3619.8 -19.5 2493.9 lala
-4125.8 -14.5 2339.9 TobiUchiha
176.1 171.5 110.9 Xenijamiyu
-3267.0 -19.5 2880.3 canner1234-PVPTeach
-12.4 35.5 70.2 Cardeiro286
-3447.8 -18.5 2360.9 santy
32.6 30.5 19.0 vejetta
-433.5 1085.2 -243.8 PVP_arena
-683.7 16.5 -210.6 Arumi
-3668.3 18.5 1540.9 SKULL
5.8 -26.5 130.2 bash1
-21.7 30.5 -37.4 Kaja
-433.1 1070.9 -228.7 juanca123
-7.1 30.5 11.0 p9kkk
52.6 30.5 30.5 tertip
-4224.1 -1.5 2585.2 candi
7.8 30.5 -46.2 Burbridge137
-3895.2 -18.5 2323.1 mary
-1008.9 215.5 3572.3 sabrina123
-793.2 49.5 3795.0 puresteel
-3575.3 -19.5 2421.9 oroch
-3262.1 -10.1 2886.1 Evil-canner1234
-34.3 -16.5 231.2 Shizard
92.9 30.5 -73.2 Szychowski
4648.8 38.5 2410.4 kelvin
-606.8 -18.5 3889.2 nathaniel
-164.5 26.5 94.7 lenuta
-1085.7 8.5 -28.8 Jared01
-2989.1 29.5 2998.2 ADMIN1820
640.2 5.5 4942.1 timon
-3573.1 -19.5 2419.3 Rosabelle
763.8 -2.5 4947.1 mirugamer14
771.4 -7.5 4653.4 mike
-18.0 30.5 -23.7 Leon
-65.1 28.5 65.9 blueberry12
-34.4 -10.5 -64.2 braian
3014.3 -7016.5 5377.8 hacker
5094.6 22.5 1974.0 cam1
-3761.6 -10.5 2282.0 CherryBaBa11
-925.9 -20.1 736.4 DragonsVolcanoDance
70.8 7.5 280.2 Jopaa
199.3 -19.5 -212.8 XxMaria_JoaquinaxX
487.7 -309.5 -148.9 Dark247
-186.8 -27042.5 161.3 funrose
58.5 24.5 -88.8 pkiachu
-698.8 -8.5 22.4 CU1031
23.3 30.5 -12.0 Vipera36
-3132.5 -19.5 -2729.0 jolenebrown
-3913.0 -18.5 2307.2 jvk
-3155.2 21.0 -3672.8 Player
0.0 30.5 0.0 Frieden892
-4215.4 -0.5 2595.1 Bruno_Mars
0.0 30.5 0.0 kikopotamo
-436.1 1076.5 -238.6 hacker123
-3046.0 1804.8 -161.8 DavidGlue
-1163.5 41.5 3683.9 Dalma
-82.6 30.5 0.0 levi
5305.0 188.5 2230.1 JonaGamer
-3746.5 -16.5 2360.2 jorje
3219.2 -6002.5 5934.8 zafiro
-3857.5 -19.5 2348.8 Queana
23.3 23.5 -305.6 gabrielgaymer
-577.8 34.5 3881.3 rrositaa
-9.0 30.0 7.7 elodkfcjxuwklwdhdme
47.9 -66.5 -191.2 cavallario241
0.0 30.5 0.0 Gummersall255
-746.5 46.6 3882.1 debora
-3640.6 -4.5 1665.6 andrei
-0.3 30.5 -4.5 ian
-823.4 46.5 3919.5 Emilydemeritte
-988.2 -3.5 75.4 Landcat
313.2 -0.5 3347.6 chicakawaiii
-654.9 36.8 3424.2 NaniNeko
0.0 30.5 0.0 Hufnagel931
-3600.4 0.5 487.5 Beast24
-4205.8 -7.5 2467.8 Shandy
-51.1 10.5 -46.9 szymon2207
-3054.9 35.5 -3487.1 Maximo_YT
134.8 2.5 -144.1 toy-bonnie
5164.5 99.5 2108.7 13
5012.0 41.5 2316.2 Justin_778
-3820.5 -19.5 2305.2 camila
-3012.6 35.5 -3472.1 Angelica545
8.5 30.5 35.9 starbuckslover_ana
-4183.4 -1.5 2556.9 Leyla678
0.0 -1.3 0.0 ManElevation
0.0 30.5 5.3 jyq12weer
0.0 30.5 0.0 Melyna_9054
174.8 40.5 -1119.0 therenegade
-3753.7 -5.5 2981.1 Calain03
17.2 30.5 -60.7 creativo
19.8 30.5 -7.9 Mix
6.0 30.5 112.4 Link
18.3 30.5 1.4 kbro31
-3833.2 -18.5 1516.3 bender
-2677.4 -18.5 -2669.3 BloodMoon
-745.7 56.5 3774.3 MELYGAMER
251.4 15.0 5117.8 leonardo
4907.8 38.5 2337.5 Jake363
109.6 30.5 119.4 StellaLuna
317.8 23.5 4998.1 johonny
-1074.6 49.5 3764.1 deku
-3016.4 35.5 -3464.9 piteguey
-1007.4 215.5 3572.7 soilder
-1.0 30.5 -2.6 5153
-3232.8 -2.5 2902.2 Max347
-1053.4 7.5 -233.8 alice
1147.3 -0.5 5031.7 bella
-420.1 1078.5 -216.6 miguel
-3180.9 36.5 -3019.3 ProDiegoxx
-3198.7 -0.5 2916.9 sharkey
759.0 -6.5 4697.0 albany
-621.7 37.5 3608.0 GokuWalter
0.0 30.5 0.0 Stjuste927
-1161.7 478.8 -902.4 khan_DF
-2924.5 76.5 3455.2 Blossom
-3747.2 -15.5 2454.8 isma
-2847.1 8.5 -3921.6 wargirl
74.2 -31.5 -62.0 dasha
-141.2 23.5 54.2 cornelia
-3037.1 36.5 -2952.8 fernan123
-709.7 41.5 4083.5 Noth
-6544.4 -5129.5 5385.6 lunagata
-101.1 30.5 1.3 Dwyane
-23.4 30.5 33.2 ajaske
-879.0 -10.5 3626.4 melia
-3379.7 -4.5 2634.7 lovecupid2
-431.7 1070.5 -229.5 zperez15
13.9 31.5 -21.5 stampylongnose
-10.8 -31.5 1420.2 1tester1
-429.4 20.5 3472.4 maria
0.0 30.5 0.0 hd
576.6 10.5 5025.8 alejandro777
-2958.4 16.5 -3858.9 FPMC
-3086.9 26.5 -3679.8 undertale
6.7 30.5 1.3 Celevonenko
-431.2 1076.5 -213.3 Wrazheveky
-3832.1 -18.5 2283.5 tinenqa
0.0 30.5 0.0 dududks
-117.8 20.5 -17.4 101winer
-2523.5 4.5 -1013.9 aka_anonymous
674.0 -6.5 4817.8 rous
-171.8 132.5 -310.9 Cad12
-92.1 31.5 53.6 Pikacu
-3026.2 32.5 -3516.0 sara
-222.9 21.5 465.9 Duncan2
-782.3 9.5 290.7 konik
-2935.9 27.5 -2747.7 jiki
-3574.8 -19.5 2422.9 minton
-2.9 30.5 -17.4 c0mmunity
122.6 176.5 -2.3 wiola
2.6 30.5 3.1 Carita162
0.2 30.5 -0.1 jessik2015
-3555.7 -19.5 2437.2 Rose
-2972.0 3.5 -971.8 ProAlexxx
-3270.8 58.5 3766.4 prissy
-2591.5 -19.5 2517.8 galixygamer_67
-3150.4 19.5 -4032.1 XxPiotrxX
-0.3 30.5 0.0 Solange419
-2669.0 -18.5 3393.5 sakss
0.7 30.5 -0.3 Brandenberg533
-2746.2 -4833.5 -4203.0 zings
349.2 -194.5 -103.2 sonofsam
4941.9 55.5 1888.0 Riya
-152.0 -7899.5 -643.8 baby-coni
-1113.4 41.5 3709.2 Widowmaker
0.0 30.5 0.0 luz
-3092.4 1523.5 -2427.6 supjk
385.1 -19.5 238.6 slowmilton
747.6 21.5 5111.1 chicogamerguapo
-103.4 -27395.5 144.4 angela_lovering
-1407.9 45.5 3942.0 brianchen
-1158.6 -5.5 1500.9 aliska
-448.1 13.5 3606.6 marcelin
-6460.7 -6613.5 5955.2 swag2
-604.0 23.5 647.3 bintang
-121.8 -53.5 1.8 brandon
-3014.8 35.5 -3466.2 Davinia
-25.2 30.5 34.8 Helen2819
18.8 2.5 -260.3 Kester
-32.3 -10.5 143.1 Wildcats
-824.0 45.5 4128.9 Purple_Sun
-24.8 32.1 -43.2 lol
837.6 -3076.5 4502.5 princess
-431.3 39.5 -18.5 JayJay_179
28.8 30.5 17.9 lapthu
-795.2 -23.5 -2008.8 you
789.5 -3.5 4962.8 anni
58.9 -27.5 85.2 Nicols
79.6 30.5 36.0 Tafiti36
-657.2 35.5 4102.2 terminetor
-3237.7 -3.5 2893.8 100
-4061.5 -6.5 2418.9 Ashlyne
-50.8 -18.5 53.2 PDd
-422.6 461.5 560.4 Goku0
15.5 30.5 7.5 Sothman23
2.2 30.5 -4.8 wvhfnfj
-6549.8 -5098.5 5373.5 jandee
-3647.1 3.5 2868.9 Luz
-3495.3 -18.5 2533.5 DanielleB
-51.9 30.5 -42.8 ju
-2979.8 -1805.5 -2971.2 Diamond_Miner
-851.1 6.5 -199.3 cristal
395.0 -74.4 5138.7 FGH
-3631.0 -19.5 1744.5 Alinett_Brook
-3696.9 26.8 1691.8 Caroline
0.0 30.5 0.0 KasumeSanori
-8745.3 1.5 3010.5 CloudKid
-1.3 30.5 -2.8 deborita
-804.5 46.5 3912.0 Antoniaashelypinder
-879.5 -706.5 4054.2 Monica10
-695.1 31.5 3424.7 mangle
-24.2 -18.5 155.8 mamm
-430.7 17.5 3567.1 Alanxd
-3040.1 41.5 3205.1 Mangle
-3084.9 29.5 2918.4 HackerJacker
6.1 30.5 7.5 booste47
-130.3 39.5 63.2 tsukkii
699.0 81.5 4336.5 daniel
-726.7 37.5 3487.3 elizabet
-4164.3 -15.5 1997.2 Bloom845
-4624.9 -17.5 2322.9 candy
14.9 30.5 -14.0 111
-8740.6 -5.5 2773.8 iKingJunior
-2714.1 -21.5 2455.8 Melissa
-717.2 31.5 3389.9 zombies
-234.5 12.5 518.7 jtee
4954.8 35.6 2263.4 Mark
0.0 -2.5 -0.0 1234567890
-3792.3 -17.5 2234.7 LenkaNeko
-12.2 30.5 23.1 coolgirl
-8951.1 -1.5 2852.0 TheQueenB
323.4 -10.5 -128.5 darkturretyt
-68.3 25.5 24.1 happyjuice
-4107.8 -11.5 2409.2 shhhhhhh
-3101.6 36.5 3228.8 Sonicthehedgehog
-429.7 1086.5 -218.4 TheIronMango
0.0 30.5 0.0 tidigjdjejfjdj
-366.0 -131.5 138.5 Steevoo229
-3147.3 30.5 3076.8 Davy_Jones
-3269.5 -19.5 2888.3 miya
-2954.2 39.5 2959.3 coo
-748.3 38.5 3540.3 Gk
-27.5 3.5 263.1 LittleCassy
-38.0 30.5 -32.3 yrgrydyfhfh
-5298.0 11.6 2039.4 dofflala
16.4 23.5 -322.2 destroyer
-20.2 30.5 -10.0 kausar
4884.4 40.5 2284.7 dany
50.4 30.5 -17.7 vitocool2c
130.4 29.5 -54.3 cat
-3142.2 20.5 2972.8 SUPOMAN
986.9 798.5 3161.1 Rflm
-2962.6 29.5 3010.6 ejd
-3716.0 -18.5 2821.2 molly13
-6.8 -26.5 -83.8 kj
3507.2 -6234.5 6237.8 kennoath
-2785.7 3.5 3077.1 velery494
-3087.9 36.5 -3200.5 viren
-2913.9 36.5 -2904.2 PeanutBigTop
-3537.1 -6.5 2660.5 batwing4247
-249.2 215.5 -342.4 Timati
110.1 -167.5 -108.8 Nageotte722
45.3 30.5 70.8 Calzada168
-275.1 -59.5 1647.9 Fixer
667.6 13.5 5177.9 oegc2006
-3009.2 36.5 -2979.9 isabelle2
-3296.1 4.5 2945.8 Serravalli615
-399.9 12.5 3578.9 ailoijai
-4320.5 -16.5 2385.0 precious20
127.7 107.5 -0.1 shadow_wolf
-2946.7 36.5 -2777.5 pmice
830.9 6.5 5006.4 juana
-2862.0 36.5 -3074.4 ella
-3501.4 -18.5 2486.8 5a70
-0.5 30.5 3.2 lelany
94.3 21.5 -298.6 Nasgul
-641.1 35.5 296.5 DanTDM
-70.6 -15.5 18.2 shazm432
-782.8 46.6 3855.8 Lampson693
4754.3 57.9 2354.9 ebetedel
132.3 176.5 -2.9 Gohan555
-42.2 37.5 51.0 laurenstar
0.6 30.5 -0.4 Xx_Lena_xX
-940.0 45.5 3917.7 babycat
0.0 30.5 0.0 6362786
-76.9 30.5 -57.9 inlojlhom
57.6 -13.5 -185.1 odwan900
157.6 20.5 -106.2 IllyrianKing
-52.7 30.5 8.5 Bailey3490
0.8 30.5 1.6 vanessa
-5.1 30.5 -7.8 Cata114
761.7 11.5 5189.3 chicagamer1234
-3203.0 -0.5 2934.5 Leyla876
789.5 13.5 5156.6 Dulce
-430.5 1076.5 -245.6 best_girl
-16.6 248.5 366.5 no_body
-3035.6 30.5 3271.4 Wrazh
7.9 30.5 -42.0 Chargois318
49.2 30.5 -32.7 Wiederin927
-2532.3 44.5 -4071.1 catgamer
12.2 30.7 -14.8 maikel
-2737.2 -16.5 2323.0 jeilui
1.5 30.5 2.7 Vadner137
-35.0 30.5 -5.3 northernz
-757.3 -14.5 140.8 LayediE
-3240.2 -9.5 2887.0 robin1234
-3846.0 -14.5 1462.8 wLelex
12.9 30.5 -9.0 kattzumy
-330.9 -238.5 -208.9 lily1315
126.7 -0.5 -280.2 chicogamer1234
-2830.7 1.5 2936.7 popularmoss
-24.8 30.5 -6.8 Vanham706
430.2 91.5 -1863.8 helpless
-55.4 -4.5 -131.2 uliana
207.2 -1217.5 43.0 inggo
-272.8 -3.9 -190.1 ololo
-2988.8 29.5 2998.8 bruno
1.5 30.5 0.4 meloline45
-1023.8 -18.5 504.5 UltimateNoob
-16.2 30.5 -7.9 dratinipatinha
9.5 30.5 -13.2 molo
-81.3 30.5 -14.9 SimCheong
-4297.4 -19.5 2244.4 hoola
14.7 33.5 -14.9 Florencia
-39.0 30.6 -21.3 adrianux
19.0 30.5 10.5 veer
6.1 -51.5 3.3 frankiln
-2.8 31.5 -18.8 fraemy-sam
5057.2 29.5 2276.8 Amy
0.0 30.5 0.0 braulio
0.1 30.5 -3.8 p
104.2 27.5 57.8 nash
-401.6 -18.5 3915.9 akiraa2
-1326.4 530.5 131.6 dragon2245
-24.3 30.5 -30.8 ivyrover
0.0 31.0 0.0 xxdanielaxx
897.6 11.5 5031.1 bauti
-500.8 27.5 3673.9 Ness
-74.3 -679.5 332.0 Wasserteufel
-32.2 30.5 -3.1 Latino149
58.1 30.5 -19.9 123
-3469.1 -17.5 2438.0 LINDAPTE
-372.0 14.5 3630.4 adriana
9.2 -10.5 133.5 TNTvlad
-1263.8 556.5 94.1 Fake
-4064.8 2.5 2488.7 men
-2847.6 25.9 -2648.5 deathandchocolates
-2935.2 19.5 -1971.2 iTheKiller
-3098.9 36.5 -3165.2 Firza
-3145.7 16.5 -3765.2 hot_girl_gaming
306.2 4.5 3231.1 raven
170.8 969.6 -56.0 two_steps
-9.0 30.5 -0.3 Bastea
-783.2 26.5 -233.7 HadorDorLomin
-3154.3 36.5 -2760.3 LilyanaSaira
-41.3 39.4 20.8 elfmas
0.0 30.5 -3.0 Oberholzer437
-3110.6 1506.5 -2486.3 Ave
-450.3 503.5 581.7 Caramella
-1081.3 48.5 3761.2 ALEXSANDER_Cool
-3028.2 36.5 -3121.2 oliv
-380.6 13.5 3648.7 sayda
-6592.2 -5328.5 5541.2 Tetrahedritium
-1145.7 38.5 3680.6 manucraft
-10.8 14.5 -157.1 gougou
-2544.4 -19.5 2327.3 Icefox0909
-146.5 30.5 36.5 hewo
-2843.5 36.5 -2978.0 yugi
-715.3 21.5 3325.3 Carmen10
-3139.0 130.5 3493.6 minegaming
-51.1 27.5 5.8 Michael
-74.4 30.5 3.7 oeoekdkekejdmxmcmdm
445.8 22.5 5211.1 angelica
-19.8 -19.5 -434.6 L_Gaskarth
-3436.8 -19.5 2362.6 anyi
-666.7 12.5 3312.9 GoGo_Dana
-6353.3 -5291.5 5429.7 JohnCena
-9.8 30.5 -5.9 haikal
-11.4 30.5 31.0 saudi_PRO
-20.2 32.5 -44.0 natstya
-3614.2 -17.5 2652.6 Aiden24
1.9 30.5 4.7 liiliplay
-873.1 -14.5 3603.7 12
-1.1 30.5 0.7 analy
-4163.0 -15.5 2360.0 TordGirl123
-0.1 -19.5 529.2 skillajesefik
-637.4 40.5 3916.9 Mia41
-3064.0 29.5 3214.4 batgirl
-1018.1 49.5 3721.0 killer
131.2 6.5 4740.2 Mary
-593.0 27.5 2604.3 A_Orellana
-2659.7 -0.5 -3709.5 jt
-1279.4 50.5 3834.1 BlackMonster
-3510.9 -15.6 2392.2 Brianna110
-2506.6 4.5 -3524.2 Santino365
-2956.5 29.5 2921.6 Rafalski682
-3350.6 -2277.5 1129.8 Mototank
-60.2 -258.5 48.0 Yost
4.8 30.5 8.6 lori
-420.1 1078.5 -231.3 NightFuryCats
-632.0 31.5 3483.9 alexia
-65.2 13.5 -190.2 ggghxhdhd
-1092.0 151.8 -583.8 JenqMinetest
-763.6 39.5 3541.2 Tony926
132.2 109.5 86.7 victor2005
-996.6 50.5 3763.2 Tony30
19.1 -40.5 151.8 kamiljzj
-2891.2 31.5 -2725.4 eric123
-2.8 30.5 -0.6 vzhzhvuv
-401.5 49.5 -32.4 DarknessWolfLady
-3154.1 37.4 -2856.5 Marga
-2710.2 22.5 3317.5 Fatima_1011
-3814.1 -14.5 2371.1 veronica
-2977.5 30.1 2922.0 hase
-554.2 -75.5 3397.2 laurita321
175.9 187.5 -55.2 dimufih
-43.1 30.5 -17.2 jmzmmdkdofkfkkfkfmm
-12.5 1.5 146.1 kyle
-434.7 1076.5 -237.6 Antohuel
-9.2 -23.5 160.2 jjekdjrfhrdshnddrhf
-6539.9 -5149.8 5400.2 nanay
-3038.5 24.1 -4052.0 moond
-2903.7 -26.5 -3353.8 Jonatan
73.8 25.5 -67.2 fhf
0.0 30.5 0.0 videos
-3197.6 -0.5 2918.1 SharkGirl
3064.0 -6416.5 -326.8 murat
-4062.5 2.5 2478.7 Noval
76.6 -0.5 -183.8 MAN__COMPSOP___CAP
-3645.8 -19.5 2778.4 kiw3
-4.7 30.5 -7.8 gabrielblk123
-2781.2 9.5 3048.9 rob
72.3 -5.5 -26.0 Bubble
-678.4 33.5 3528.0 Kirara
31.0 50.5 -1042.7 Gordini
-488.9 -49.5 3636.3 jojola
25.1 30.5 5.4 Candle45
0.0 30.5 0.0 mightyjasonx123AZ
6.9 30.5 -5.7 Daniel
-2251.2 1296.8 2251.2 nessi777
-2981.9 22.5 -4040.3 LindaTaian
0.0 30.5 0.0 thatscnot
-104.8 19.5 36.8 Bursik236
-243.6 61.5 22.4 yik
0.0 30.5 0.0 Cata456
143.0 127.5 86.8 kakakakakakaka
-80.2 20.5 -56.8 MaQula
-2982.1 26.5 -2420.0 CARLOSELPRO2017
135.0 158.5 6.6 jared
636.6 -1.5 5064.9 Luna2272
-3791.7 3.5 1665.0 Dianinha
-1101.2 45.5 3738.1 CarlosGamer
-2823.4 0.5 3056.2 OMG_it_jack
-3268.5 58.5 3766.1 supercute
30.0 331.5 396.3 moistmike
-4.1 30.5 76.4 Mackey916
62.3 -3987.5 101.0 HHHenzo
-2933.3 34.5 -3421.6 Leila12
-0.9 30.5 -0.6 eeb
-3036.2 42.5 3203.3 Foxycutiegirlpie
-33.4 30.5 -24.1 PrncessAmje
621.9 8.5 4943.6 daek
5.1 2624.5 -163.0 Karma
-651.5 40.5 3682.8 R
-436.2 1078.5 -245.4 beastie
0.0 30.5 0.0 Mcnaughton515
97.2 20.5 11.3 lovely
-3447.7 -18.5 2360.9 luly
-3248.0 -4.5 2987.8 23
-3562.1 27.5 1392.1 dasha12
134.6 176.5 24.0 Eduardo
4.9 4.5 133.2 bartkoff29rus
-3680.2 43.5 1516.0 Blaze783
-9.1 30.5 36.4 Stetson720
-3.9 30.5 100.2 Powells472
428.2 -72.7 5151.2 zking
23.1 30.5 45.1 sashaalexsis19
-3779.3 -18.5 2242.9 cody179
-3024.0 17.5 -3892.3 Tenhaeff790
774.8 4.5 4758.5 scooby52
-38.9 30.5 -41.4 Agunos289
16.9 30.5 44.1 anna
297.4 12.5 5328.1 Carlosxd
-2896.2 10.5 -3926.3 Shisler717
-2719.1 -19.5 2473.9 carloselpro
-11.8 30.5 76.8 843jdc
17.7 30.5 33.0 MarsmalowCat
-430.2 1077.3 -243.3 kwebbelkop
8.5 30.5 -5.7 roman
-567.5 34.5 3881.3 andresss
110.8 30.5 5.2 aada
183.9 0.5 3216.8 franco
40.2 38.5 -52.1 Kacper
-2908.3 7.5 -3760.8 Bex
-61.8 -0.5 180.7 Landon_The_Flash
-3568.0 -19.5 2736.0 Stormtopham
-3034.3 29.5 3092.7 Evelyn
-2915.9 -83.5 -3246.2 Danyelle5179
647.9 4.5 5010.4 dreamy101
29.5 30.5 -11.6 sabri
-3817.9 -14.5 2423.7 tedgamer
-22.6 30.5 39.2 Gutavo
0.8 30.5 2.4 Dominika
-701.2 47.5 4051.1 nieves
-34.2 30.5 -4.6 Gulhi
-678.3 45.5 3618.4 Bruno78
72.2 28.5 5.8 poulish
-3093.9 41.5 -3404.2 latosha
-4140.8 -12.5 2350.0 cally
0.0 31.0 0.0 Xales
166.7 181.5 16.2 praggi
-2987.2 29.5 2998.3 Lakins618
-3734.6 -19.5 2410.0 luciaq
-37.1 30.5 -19.3 mrsgraybill
-430.2 1074.5 -211.8 Jay
-457.3 17.5 3764.2 LoveGamer
-2999.8 30.5 3009.9 tally
103.2 26.5 -29.9 Anzideo998
69.1 -550.5 39.2 XeN
-417.8 -12.5 75.2 ruuben
-532.1 23.5 463.6 Svet
9.1 30.5 -16.7 loveworld
4979.2 35.5 2265.2 michael
-2985.1 32.5 -2950.0 Ayeitshayley
733.7 -2.5 4966.0 deyker
-2595.4 28.5 -3217.7 Voltage
-617.1 17.5 3833.5 MARIA
-377.8 -18.5 3911.4 andressss
849.4 10.5 5043.0 chicogamer
-0.5 30.5 0.2 alejandra059
-136.8 -7925.5 -695.7 ABRIL
-3247.9 -4.5 2988.5 2
-32.2 30.5 -23.6 Devito583
-594.5 34.5 3914.5 Azuh
-3649.2 -2.5 2825.7 Martingarix
-4079.9 -6.5 2441.1 mps
118.2 30.5 0.3 Guest1739
-3521.0 19.5 1430.8 maka
-2913.8 40.5 -3319.2 londoo
6.2 30.5 -0.9 hwufhfhxh
-586.9 -19.5 198.7 Castiel_354
106.3 17.5 6.6 samuel2cool
-3029.0 36.5 -3122.7 party2
-4184.2 -9.5 2290.6 atharv
97.7 21.5 -309.8 patrick10
8.9 30.5 7.0 juanpablo
-565.3 34.5 3879.3 rositaa
292.4 7.5 3189.0 JuderaEsReal
0.1 30.5 -21.3 Mcpeters156
28.2 -1.5 -94.2 258
-12.4 30.5 -17.5 indra26
746.8 50.5 4892.2 jelly
-3092.9 14.5 -2052.9 Yumico_5804
-39.5 31.5 -21.2 bggjgjr
6.8 30.5 -6.5 Gieser734
0.0 30.5 0.0 Warrender231
-3149.1 19.5 -4033.7 Wikipl
7.0 30.5 -14.0 Name
57.6 30.5 24.9 Christophe
0.0 30.5 0.0 KatySandy
-3178.9 28.5 3222.1 sakura1234
259.9 382.5 48.8 sam12345
203.4 -114.5 -237.1 Olivier
-1157.1 -5.5 1502.4 iriska
-737.1 47.5 3877.3 HackerLagger
-454.5 26.5 85.8 Chocolatepuppy01
-71.8 30.5 -12.2 luana
93.5 5.5 206.0 Arichka
-455.5 207.5 -231.1 foxi
-61.5 40.5 -178.1 ggggas
0.0 30.5 0.0 1140
-88.1 30.5 0.3 mudmook
0.5 -58.5 5.8 PaulTynan
-63.1 30.5 -34.7 Savannah
121.6 21.5 -322.9 1Bird1
-54.6 30.5 0.4 Sebastian
-728.5 54.5 3954.8 lupita
-770.8 55.5 3538.0 Clieford
-49.8 30.5 16.9 jan
-1081.7 77.5 15.3 orwell
-599.9 20.5 3430.6 pro
3.8 30.5 -25.1 syaiful
-9.2 30.5 66.9 wgyoop
56.8 14.5 -67.8 w
-4128.3 -0.5 2506.4 Luis111
-3093.6 35.5 -3402.1 azucar
-215.7 -27725.5 90.0 ivan7777
-2963.0 29.5 3027.4 soupro
4.8 30.5 3.4 Denik
-4069.5 -24.5 2534.1 tomeu
-2729.5 -0.5 -3814.7 Player15
-5.1 30.5 -8.4 jean
5059.1 29.5 2257.2 Angel
755.2 -8.9 4615.8 Marcosago03
-14.2 30.5 107.9 lelkaj
0.0 30.5 0.0 hasan
0.6 30.5 3.6 Valeria
964.2 798.5 3167.5 PurpleOne
-3089.0 -7192.5 -3036.8 Bishop1203
-49.4 39.1 14.8 kiara
-3140.5 36.5 3261.7 5d70
1.4 30.5 -2.0 karamelka
0.4 30.5 -0.0 radha
-775.4 51.5 4015.0 diego777
-618.0 36.5 3606.7 Mermelada
-6607.8 -5156.5 5377.0 Puppy_Lizzi
-583.1 -19.5 3849.5 hugoelpro
-430.9 1070.5 -234.4 snake
-78.1 30.5 1.5 jeremiah
3.7 30.5 -6.8 hanaa
11.3 30.5 12.1 prominer
4898.4 -196.5 2263.2 boss101
-4038.6 -10.5 2453.0 FlasRam
33.7 33.5 51.6 Nemets773
-3611.5 -19.5 2417.6 rana_89
-22.1 30.5 39.0 trollkrali
9.8 30.5 8.9 heha
-64.0 38.9 24.2 davi
-2992.9 36.5 -2984.2 niebieska
-430.2 1075.7 -212.2 Carlos
-788.0 53.5 3952.7 mel_WL
1.6 30.5 0.9 caoimhe
-1046.6 -19.5 1432.0 TryHardNinja
97.2 30.5 -7.2 Warren7086
-4251.4 -14.5 2305.4 Alpha29
-2914.6 45.5 2934.4 jeviny
-3001.0 26.5 -2219.9 Monica
3264.3 -5954.5 5794.5 marcus
11.2 28.5 80.2 uitalo
-5.5 30.5 33.0 1256
-99.8 7.5 187.3 Astronix
-596.4 -18.5 3877.0 Luna-_
-3496.3 -19.5 2598.2 Sapphire13
-3482.2 -19.5 2543.2 Ayaan1000
-432.5 1070.5 -231.7 Nathaniel
-772.3 55.1 3536.6 Heathershaw374
-737.4 48.5 3855.0 ir
-6639.0 -5235.5 5512.4 penguins
-3679.7 -16.5 1721.6 Bella_Anjo
5053.4 22.5 2016.5 anthony777
66.0 30.5 -23.4 amorosaaa
102.0 30.5 -49.7 Anstice396
-3117.7 18.5 -3971.1 coni123
4070.0 43.5 2333.2 Girls234
0.3 30.5 -1.0 anas
-367.9 15.5 3631.0 ALEXSANDER
-672.1 48.5 4052.9 jazmyn
-24.5 30.5 -40.6 grace_22
4906.7 42.5 2408.1 Ally1234
-663.6 107.5 4033.6 esteban
0.0 30.5 0.0 Meli567
0.7 3.5 118.9 prinecess
-780.3 53.5 3998.5 botache
-977.0 233.5 3574.5 qamarina
-3066.9 29.5 3206.8 JAZMINE
94.7 27.5 -332.0 Jelisea
34.1 23.5 -336.0 stonemakelight
424.4 47.5 586.5 Kermit
-249.0 215.8 -341.8 Shae
5012.4 41.5 2318.5 Anastasia12
828.6 6.5 5007.6 ghi
0.4 30.5 -5.5 bjbbb
763.2 -2.5 4949.5 Ambiii
-3038.8 -436.5 -2973.0 Leonard
-3104.9 46.5 3326.3 kimy12345
-2954.3 29.5 2983.8 rosedash
3.4 30.5 -1.9 Sorrick934
-1124.7 51.8 3528.9 zyrel
-756.9 186.5 4031.0 vegeta777
-39.5 30.5 -61.0 Jack
-2417.0 -2.5 -3515.0 Viglante387
39.2 -48.5 -104.3 Wisener706
62.6 30.5 -0.8 thediamondcat
-586.9 33.5 3890.2 Lorena87
-3039.4 36.5 -2957.4 Hey
291.3 0.5 3364.2 Marsmello
-27.2 30.5 49.7 197419812008
-0.1 30.5 -1.1 25
19.3 -32.5 -131.2 PharaohRUSS
-3573.7 14.5 2416.2 Jason245
-24.3 30.5 -42.1 Pelaez373
-699.1 50.5 3599.6 nikosX007gr
55.1 30.5 -112.9 DONNELL
620.7 1.5 4729.9 juanda
-3.5 30.5 -8.9 nyou
-32.3 30.5 -15.5 Natalia
-2636.2 70.5 2619.2 Sky_Fall_II
-2743.2 -19.5 -3980.5 alan
-571.7 40.6 3941.8 kacper
-1.0 9.5 -187.1 Natasanikiniki
-646.5 36.5 3427.6 H4CK3R
-341.4 18.5 3535.7 k
-656.5 26.5 349.6 --sid--
-37.5 30.5 -29.7 FoxjammerOP
-980.0 1.5 -53.5 whs
608.2 9.5 4943.5 thailer
-875.8 -15.5 3624.3 London658
-892.1 58.5 4009.8 Lunaguapa
11.7 30.5 -8.2 Hutchinson721
6.4 30.5 -0.2 Coldren723
-3575.3 -19.5 2408.7 -hameer-
59.5 30.5 -11.4 Tom
3.6 30.5 25.1 recis
-94.4 31.7 27.6 MARIO2014
-3008.1 19.5 -3549.1 Cosmo
33.0 31.0 13.9 njxjdjjf
18.2 -19.5 -75.8 emij
12.5 30.5 -14.8 Puzinski649
-51.2 30.5 -0.6 frf
-341.2 16.5 3626.5 liliplay
90.6 -34.5 -62.6 7m8
-3096.0 61.5 -4055.9 Dragon-hameer
-30.4 30.5 31.3 Deadpool
-432.6 1074.5 -246.5 Steven
-782.4 9.5 290.2 jagodka
-554.8 31.5 3558.5 jhona
-2978.0 -14.5 2713.1 Tipo
4076.7 40.5 2391.2 julie
-417.6 -17.5 -6930.0 nuu7
34.6 30.5 23.2 clemes
-10.5 30.5 -25.0 raahil
-2941.2 27.1 -4044.5 Reyna
-4.2 30.5 -1.6 Pereira466
99.7 30.5 81.6 11
32.2 2.5 136.6 jkdkes
2665.2 -6076.5 5502.2 miusky
-22.2 30.5 38.1 kfmgfmf
-62.0 -256.5 41.3 ParaThermalz
16.9 33.5 -8.8 Lundell365
-9.3 30.5 35.4 xXcvrtyusiolkXx
-102.8 25.5 60.6 carla
-3063.6 42.5 -2826.6 tom
0.0 30.5 0.0 hfhfb
-66.6 34.6 22.4 Percell387
-786.4 55.0 3967.7 Carmen
-3771.2 -10.5 1645.1 mateoo
-110.0 30.5 20.8 udvlal
-160.1 37.3 -182.6 facey
-3503.8 -19.5 2547.1 Martin24
-54.4 34.5 24.6 Ispitinclitz
0.0 30.5 0.0 Omar
174.2 140.5 -114.9 alishka
-97.9 30.5 98.3 shalome
-7.3 30.0 13.5 casitogamer_
52.7 30.5 20.3 matheus
-336.7 16.5 3615.4 carry
-6394.0 -5725.5 5243.3 Thekiller916
-0.0 -35.5 -0.6 angelo
5035.9 20.5 2068.0 wolf_girl
5085.3 27.5 2213.3 Mvk
-3172.8 5.5 -2981.2 MLGFOXY
-702.3 39.5 4095.1 sup27
-813.2 33.5 3383.5 guadalupe
-109.6 30.5 5.9 Edna
-4035.9 -19.5 2241.0 alliedog
-810.3 10.7 -1523.6 nignog
-3086.7 32.5 3237.6 Salexxxx
-37.1 10.5 -181.1 Gordan
-4187.3 -13.5 2425.4 Linda
-128.1 30.5 29.0 Hannahp
-428.5 1076.5 -227.4 Hacker_
4891.5 46.5 2389.9 Althea010
7.1 30.5 -99.2 PONY
-991.9 222.5 3566.3 zafran
-651.8 -8.9 585.2 Andrea
-4142.3 -12.5 2348.5 Alec_dude_gaming
-2946.6 17.5 -2544.2 assassin
-4252.7 -11.5 2308.7 heather-17
-77.7 -21.2 41.2 jvjjjgjg
-2972.3 -19.5 -3568.7 carloshugo
-793.0 26.5 -234.5 TurinTurambar
0.0 31.0 0.0 jk5
-2.6 30.5 -9.7 stark
506.2 14.5 5320.1 alexis
12.0 30.5 -15.0 artprincess27
-2999.3 36.5 -2998.3 Habrock973
12.4 30.5 -44.1 pax
842.2 -20.5 5669.8 yusak
-1204.8 39.5 3670.3 laila
-856.8 -11.5 3623.9 me
5151.4 40.5 2088.8 Mila13
3946.7 20.5 2570.7 fernan15
581.8 -9.5 5089.2 flenave
-3585.8 -19.5 2440.6 tyler
-2982.4 17.5 -3841.4 MrHandsomepig
-589.6 -7713.9 -345.0 kaijie
-1188.0 14.5 2660.1 spacecat
43.9 30.5 -31.8 Edyth2246
-489.2 25.5 54.1 Mineman5
-3015.9 29.5 3024.9 crystoval
105.2 8.5 64.2 sjsj940424
0.0 30.5 0.0 Muratbek
-283.2 -8.5 -188.0 VikaPaw
134.4 176.5 6.4 stevoni
-2751.2 36.5 -2827.2 Lone_Wolf
73.9 26.5 -8.2 roke
-2650.5 54.5 2638.4 -Aphmau
44.2 30.5 -81.8 maktsim
586.4 13.5 4984.2 Michelle12
545.8 48.5 5300.5 Dostin
-31.2 30.5 36.4 Abububu
-3010.1 29.5 3040.2 Zoom101
4078.9 41.5 2301.4 nightmoon16
-3708.7 -18.5 2965.1 jonas
-2646.2 -17.5 2321.4 ANUM
-3000.0 30.0 2998.7 querta317
-2968.6 18.5 -2564.1 therubensis
-3170.7 30.5 -2777.5 AkaneAi
-84.5 10.5 -137.9 jcj
-3541.2 5.5 1551.5 kellie
184.2 168.5 53.4 Kalomus
-2996.7 45.5 3591.7 kake
-410.1 8.5 3757.0 alejandrita
8.7 30.5 0.8 momze
-2925.1 29.5 2975.9 jonnb
-2993.1 29.5 2931.3 Surface5
19.2 -27435.4 214.8 Clover
-3669.9 -11.5 1686.1 Vinicius
-3031.8 23.5 -4293.1 vix2
1.8 30.5 -1.4 movistar18664288
207.0 159.0 25.4 kailie
0.3 -44.3 -0.4 yanet
-2.0 30.5 -0.4 140
-504.2 35.5 3917.2 andresssss
-551.6 40.5 3910.8 FernandaZ
-624.7 47.5 3975.0 superman2
-2790.9 0.5 2296.0 Lilah
-1175.2 46.5 3703.1 Luna
-3407.9 -19.5 2561.2 mama09
-156.6 -27058.5 224.2 natmattmar
61.8 30.5 -12.8 Klimes628
-3278.2 -19.5 2296.5 Kitty-Kat
0.0 30.5 0.0 sontix77
-489.8 -3.5 -83.2 destroyet
-136.5 30.5 -48.1 SerVesta
-752.5 37.5 3304.8 Mobiltelefo
-3081.6 1511.5 -2969.3 Server
0.0 31.0 0.0 tencraft
-4240.1 0.5 2621.9 Max-killer
50.1 27.5 -2.2 Giacomoke
36.6 30.5 36.0 Benito607
-21.6 30.5 28.6 lalaloo756
-2802.2 -19.5 2326.4 icefox1
